3.57107742394858e-27
1.3333042436255331e-27
1.0409525807630125e-27
2.4702796602042158e-27
2.0583364357439787e-28
4.036864317879725e-27
1.0409525807630125e-27
1.3333042436255331e-27
1.7069281861668497e-27
2.6448121193274427e-28
4.036864317879725e-27
1.178166431819874e-27
1.0409525807630125e-27
1.9309837630297825e-27
2.9974671576967593e-28
3.57107742394858e-27
1.5086857780537933e-27
7.174396236135779e-28
2.4702796602042158e-27
3.3967294541897082e-28
2.4702796602042158e-27
1.5086857780537933e-27
8.1230720132572e-28
2.1841824479103927e-27
3.8487029950343245e-28
2.4702796602042158e-27
1.3333042436255331e-27
9.19606782771343e-28
2.1841824479103927e-27
4.939261620239862e-28
1.5086857780537933e-27
1.9309837630297825e-27
7.174396236135779e-28
2.1841824479103927e-27
7.174396236135779e-28
1.0409525807630125e-27
1.9309837630297825e-27
7.174396236135779e-28
2.7935101340913192e-27
7.174396236135779e-28
9.19606782771343e-28
1.9309837630297825e-27
7.174396236135779e-28
2.4702796602042158e-27
8.1230720132572e-28
9.19606782771343e-28
1.9309837630297825e-27
6.335739780660529e-28
3.1586484964460537e-27
8.1230720132572e-28
9.19606782771343e-28
1.9309837630297825e-27
4.939261620239862e-28
2.7935101340913192e-27
1.0409525807630125e-27
9.19606782771343e-28
1.7069281861668497e-27
6.335739780660529e-28
2.4702796602042158e-27
1.0409525807630125e-27
1.178166431819874e-27
1.5086857780537933e-27
6.335739780660529e-28
2.1841824479103927e-27
9.19606782771343e-28
1.178166431819874e-27
1.7069281861668497e-27
5.594434871474457e-28
2.4702796602042158e-27
8.1230720132572e-28
1.5086857780537933e-27
1.3333042436255331e-27
5.594434871474457e-28
3.57107742394858e-27
6.335739780660529e-28
1.5086857780537933e-27
1.5086857780537933e-27
5.594434871474457e-28
3.57107742394858e-27
7.174396236135779e-28
1.3333042436255331e-27
1.3333042436255331e-27
5.594434871474457e-28
3.57107742394858e-27
5.594434871474457e-28
1.9309837630297825e-27
1.178166431819874e-27
6.335739780660529e-28
3.1586484964460537e-27
6.335739780660529e-28
1.5086857780537933e-27
1.178166431819874e-27
7.174396236135779e-28
2.7935101340913192e-27
7.174396236135779e-28
1.5086857780537933e-27
1.3333042436255331e-27
5.594434871474457e-28
3.1586484964460537e-27
6.335739780660529e-28
2.1841824479103927e-27
1.178166431819874e-27
4.36028378131004e-28
3.57107742394858e-27
7.174396236135779e-28
1.5086857780537933e-27
1.7069281861668497e-27
3.8487029950343245e-28
3.1586484964460537e-27
8.1230720132572e-28
1.5086857780537933e-27
2.1841824479103927e-27
2.9974671576967593e-28
3.1586484964460537e-27
9.19606782771343e-28
1.3333042436255331e-27
2.1841824479103927e-27
2.6448121193274427e-28
2.7935101340913192e-27
1.3333042436255331e-27
1.178166431819874e-27
1.9309837630297825e-27
2.3333620802823194e-28
3.57107742394858e-27
1.3333042436255331e-27
1.0409525807630125e-27
2.4702796602042158e-27
2.0583364357439787e-28
4.036864317879725e-27
1.0409525807630125e-27
1.3333042436255331e-27
1.7069281861668497e-27
2.6448121193274427e-28
4.036864317879725e-27
1.178166431819874e-27
1.0409525807630125e-27
1.9309837630297825e-27
2.9974671576967593e-28
3.57107742394858e-27
1.5086857780537933e-27
7.174396236135779e-28
2.4702796602042158e-27
3.3967294541897082e-28
2.4702796602042158e-27
1.5086857780537933e-27
8.1230720132572e-28
2.1841824479103927e-27
3.8487029950343245e-28
2.4702796602042158e-27
1.3333042436255331e-27
9.19606782771343e-28
2.1841824479103927e-27
4.939261620239862e-28
1.5086857780537933e-27
1.9309837630297825e-27
7.174396236135779e-28
2.1841824479103927e-27
7.174396236135779e-28
1.0409525807630125e-27
1.9309837630297825e-27
7.174396236135779e-28
2.7935101340913192e-27
7.174396236135779e-28
9.19606782771343e-28
1.9309837630297825e-27
7.174396236135779e-28
2.4702796602042158e-27
8.1230720132572e-28
9.19606782771343e-28
1.9309837630297825e-27
6.335739780660529e-28
3.1586484964460537e-27
8.1230720132572e-28
9.19606782771343e-28
1.9309837630297825e-27
4.939261620239862e-28
2.7935101340913192e-27
1.0409525807630125e-27
9.19606782771343e-28
1.7069281861668497e-27
6.335739780660529e-28
2.4702796602042158e-27
1.0409525807630125e-27
1.178166431819874e-27
1.5086857780537933e-27
6.335739780660529e-28
2.1841824479103927e-27
9.19606782771343e-28
1.178166431819874e-27
1.7069281861668497e-27
5.594434871474457e-28
2.4702796602042158e-27
8.1230720132572e-28
1.5086857780537933e-27
1.3333042436255331e-27
5.594434871474457e-28
3.57107742394858e-27
6.335739780660529e-28
1.5086857780537933e-27
1.5086857780537933e-27
5.594434871474457e-28
3.57107742394858e-27
7.174396236135779e-28
1.3333042436255331e-27
1.3333042436255331e-27
5.594434871474457e-28
3.57107742394858e-27
5.594434871474457e-28
1.9309837630297825e-27
1.178166431819874e-27
6.335739780660529e-28
3.1586484964460537e-27
6.335739780660529e-28
1.5086857780537933e-27
1.178166431819874e-27
7.174396236135779e-28
2.7935101340913192e-27
7.174396236135779e-28
1.5086857780537933e-27
1.3333042436255331e-27
5.594434871474457e-28
3.1586484964460537e-27
6.335739780660529e-28
2.1841824479103927e-27
1.178166431819874e-27
4.36028378131004e-28
3.57107742394858e-27
7.174396236135779e-28
1.5086857780537933e-27
1.7069281861668497e-27
3.8487029950343245e-28
3.1586484964460537e-27
8.1230720132572e-28
1.5086857780537933e-27
2.1841824479103927e-27
2.9974671576967593e-28
3.1586484964460537e-27
9.19606782771343e-28
1.3333042436255331e-27
2.1841824479103927e-27
2.6448121193274427e-28
2.7935101340913192e-27
1.3333042436255331e-27
1.178166431819874e-27
1.9309837630297825e-27
2.3333620802823194e-28
3.57107742394858e-27
1.3333042436255331e-27
1.0409525807630125e-27
2.4702796602042158e-27
2.0583364357439787e-28
4.036864317879725e-27
1.0409525807630125e-27
1.3333042436255331e-27
1.7069281861668497e-27
2.6448121193274427e-28
4.036864317879725e-27
1.178166431819874e-27
1.0409525807630125e-27
1.9309837630297825e-27
2.9974671576967593e-28
3.57107742394858e-27
1.5086857780537933e-27
7.174396236135779e-28
2.4702796602042158e-27
3.3967294541897082e-28
2.4702796602042158e-27
1.5086857780537933e-27
8.1230720132572e-28
2.1841824479103927e-27
3.8487029950343245e-28
2.4702796602042158e-27
1.3333042436255331e-27
9.19606782771343e-28
2.1841824479103927e-27
4.939261620239862e-28
1.5086857780537933e-27
1.9309837630297825e-27
7.174396236135779e-28
2.1841824479103927e-27
7.174396236135779e-28
1.0409525807630125e-27
1.9309837630297825e-27
7.174396236135779e-28
2.7935101340913192e-27
7.174396236135779e-28
9.19606782771343e-28
1.9309837630297825e-27
7.174396236135779e-28
2.4702796602042158e-27
8.1230720132572e-28
9.19606782771343e-28
1.9309837630297825e-27
6.335739780660529e-28
3.1586484964460537e-27
8.1230720132572e-28
9.19606782771343e-28
1.9309837630297825e-27
4.939261620239862e-28
2.7935101340913192e-27
1.0409525807630125e-27
9.19606782771343e-28
1.7069281861668497e-27
6.335739780660529e-28
2.4702796602042158e-27
1.0409525807630125e-27
1.178166431819874e-27
1.5086857780537933e-27
6.335739780660529e-28
2.1841824479103927e-27
9.19606782771343e-28
1.178166431819874e-27
1.7069281861668497e-27
5.594434871474457e-28
2.4702796602042158e-27
8.1230720132572e-28
1.5086857780537933e-27
1.3333042436255331e-27
5.594434871474457e-28
3.57107742394858e-27
6.335739780660529e-28
1.5086857780537933e-27
1.5086857780537933e-27
5.594434871474457e-28
3.57107742394858e-27
7.174396236135779e-28
1.3333042436255331e-27
1.3333042436255331e-27
5.594434871474457e-28
3.57107742394858e-27
5.594434871474457e-28
1.9309837630297825e-27
1.178166431819874e-27
6.335739780660529e-28
3.1586484964460537e-27
6.335739780660529e-28
1.5086857780537933e-27
1.178166431819874e-27
7.174396236135779e-28
2.7935101340913192e-27
7.174396236135779e-28
1.5086857780537933e-27
1.3333042436255331e-27
5.594434871474457e-28
3.1586484964460537e-27
6.335739780660529e-28
2.1841824479103927e-27
1.178166431819874e-27
4.36028378131004e-28
3.57107742394858e-27
7.174396236135779e-28
1.5086857780537933e-27
1.7069281861668497e-27
3.8487029950343245e-28
3.1586484964460537e-27
8.1230720132572e-28
1.5086857780537933e-27
2.1841824479103927e-27
2.9974671576967593e-28
3.1586484964460537e-27
9.19606782771343e-28
1.3333042436255331e-27
2.1841824479103927e-27
2.6448121193274427e-28
2.7935101340913192e-27
1.3333042436255331e-27
1.178166431819874e-27
1.9309837630297825e-27
2.3333620802823194e-28
3.57107742394858e-27
1.3333042436255331e-27
1.0409525807630125e-27
2.4702796602042158e-27
2.0583364357439787e-28
4.036864317879725e-27
1.0409525807630125e-27
1.3333042436255331e-27
1.7069281861668497e-27
2.6448121193274427e-28
4.036864317879725e-27
1.178166431819874e-27
1.0409525807630125e-27
1.9309837630297825e-27
2.9974671576967593e-28
3.57107742394858e-27
1.5086857780537933e-27
7.174396236135779e-28
2.4702796602042158e-27
3.3967294541897082e-28
2.4702796602042158e-27
1.5086857780537933e-27
8.1230720132572e-28
2.1841824479103927e-27
3.8487029950343245e-28
2.4702796602042158e-27
1.3333042436255331e-27
9.19606782771343e-28
2.1841824479103927e-27
4.939261620239862e-28
1.5086857780537933e-27
1.9309837630297825e-27
7.174396236135779e-28
2.1841824479103927e-27
7.174396236135779e-28
1.0409525807630125e-27
1.9309837630297825e-27
7.174396236135779e-28
2.7935101340913192e-27
7.174396236135779e-28
9.19606782771343e-28
1.9309837630297825e-27
7.174396236135779e-28
2.4702796602042158e-27
8.1230720132572e-28
9.19606782771343e-28
1.9309837630297825e-27
6.335739780660529e-28
3.1586484964460537e-27
8.1230720132572e-28
9.19606782771343e-28
1.9309837630297825e-27
4.939261620239862e-28
2.7935101340913192e-27
1.0409525807630125e-27
9.19606782771343e-28
1.7069281861668497e-27
6.335739780660529e-28
2.4702796602042158e-27
1.0409525807630125e-27
1.178166431819874e-27
1.5086857780537933e-27
6.335739780660529e-28
2.1841824479103927e-27
9.19606782771343e-28
1.178166431819874e-27
1.7069281861668497e-27
5.594434871474457e-28
2.4702796602042158e-27
8.1230720132572e-28
1.5086857780537933e-27
1.3333042436255331e-27
5.594434871474457e-28
3.57107742394858e-27
6.335739780660529e-28
1.5086857780537933e-27
1.5086857780537933e-27
5.594434871474457e-28
3.57107742394858e-27
7.174396236135779e-28
1.3333042436255331e-27
1.3333042436255331e-27
5.594434871474457e-28
3.57107742394858e-27
5.594434871474457e-28
1.9309837630297825e-27
1.178166431819874e-27
6.335739780660529e-28
3.1586484964460537e-27
6.335739780660529e-28
1.5086857780537933e-27
1.178166431819874e-27
7.174396236135779e-28
2.7935101340913192e-27
7.174396236135779e-28
1.5086857780537933e-27
1.3333042436255331e-27
5.594434871474457e-28
3.1586484964460537e-27
6.335739780660529e-28
2.1841824479103927e-27
1.178166431819874e-27
4.36028378131004e-28
3.57107742394858e-27
7.174396236135779e-28
1.5086857780537933e-27
1.7069281861668497e-27
3.8487029950343245e-28
3.1586484964460537e-27
8.1230720132572e-28
1.5086857780537933e-27
2.1841824479103927e-27
2.9974671576967593e-28
3.1586484964460537e-27
9.19606782771343e-28
1.3333042436255331e-27
2.1841824479103927e-27
2.6448121193274427e-28
2.7935101340913192e-27
1.3333042436255331e-27
1.178166431819874e-27
1.9309837630297825e-27
2.3333620802823194e-28
3.57107742394858e-27
1.3333042436255331e-27
1.0409525807630125e-27
2.4702796602042158e-27
2.0583364357439787e-28
4.036864317879725e-27
1.0409525807630125e-27
1.3333042436255331e-27
1.7069281861668497e-27
2.6448121193274427e-28
4.036864317879725e-27
1.178166431819874e-27
1.0409525807630125e-27
1.9309837630297825e-27
2.9974671576967593e-28
3.57107742394858e-27
1.5086857780537933e-27
7.174396236135779e-28
2.4702796602042158e-27
3.3967294541897082e-28
2.4702796602042158e-27
1.5086857780537933e-27
8.1230720132572e-28
2.1841824479103927e-27
3.8487029950343245e-28
2.4702796602042158e-27
1.3333042436255331e-27
9.19606782771343e-28
2.1841824479103927e-27
4.939261620239862e-28
1.5086857780537933e-27
1.9309837630297825e-27
7.174396236135779e-28
2.1841824479103927e-27
7.174396236135779e-28
1.0409525807630125e-27
1.9309837630297825e-27
7.174396236135779e-28
2.7935101340913192e-27
7.174396236135779e-28
9.19606782771343e-28
1.9309837630297825e-27
7.174396236135779e-28
2.4702796602042158e-27
8.1230720132572e-28
9.19606782771343e-28
1.9309837630297825e-27
6.335739780660529e-28
3.1586484964460537e-27
8.1230720132572e-28
9.19606782771343e-28
1.9309837630297825e-27
4.939261620239862e-28
2.7935101340913192e-27
1.0409525807630125e-27
9.19606782771343e-28
1.7069281861668497e-27
6.335739780660529e-28
2.4702796602042158e-27
1.0409525807630125e-27
1.178166431819874e-27
1.5086857780537933e-27
6.335739780660529e-28
2.1841824479103927e-27
9.19606782771343e-28
1.178166431819874e-27
1.7069281861668497e-27
5.594434871474457e-28
2.4702796602042158e-27
8.1230720132572e-28
1.5086857780537933e-27
1.3333042436255331e-27
5.594434871474457e-28
3.57107742394858e-27
6.335739780660529e-28
1.5086857780537933e-27
1.5086857780537933e-27
5.594434871474457e-28
3.57107742394858e-27
7.174396236135779e-28
1.3333042436255331e-27
1.3333042436255331e-27
5.594434871474457e-28
3.57107742394858e-27
5.594434871474457e-28
1.9309837630297825e-27
1.178166431819874e-27
6.335739780660529e-28
3.1586484964460537e-27
6.335739780660529e-28
1.5086857780537933e-27
1.178166431819874e-27
7.174396236135779e-28
2.7935101340913192e-27
7.174396236135779e-28
1.5086857780537933e-27
1.3333042436255331e-27
5.594434871474457e-28
3.1586484964460537e-27
6.335739780660529e-28
2.1841824479103927e-27
1.178166431819874e-27
4.36028378131004e-28
3.57107742394858e-27
7.174396236135779e-28
1.5086857780537933e-27
1.7069281861668497e-27
3.8487029950343245e-28
3.1586484964460537e-27
8.1230720132572e-28
1.5086857780537933e-27
2.1841824479103927e-27
2.9974671576967593e-28
3.1586484964460537e-27
9.19606782771343e-28
1.3333042436255331e-27
2.1841824479103927e-27
2.6448121193274427e-28
2.7935101340913192e-27
1.3333042436255331e-27
1.178166431819874e-27
1.9309837630297825e-27
2.3333620802823194e-28
3.57107742394858e-27
1.3333042436255331e-27
1.0409525807630125e-27
2.4702796602042158e-27
2.0583364357439787e-28
4.036864317879725e-27
1.0409525807630125e-27
1.3333042436255331e-27
1.7069281861668497e-27
2.6448121193274427e-28
4.036864317879725e-27
1.178166431819874e-27
1.0409525807630125e-27
1.9309837630297825e-27
2.9974671576967593e-28
3.57107742394858e-27
1.5086857780537933e-27
7.174396236135779e-28
2.4702796602042158e-27
3.3967294541897082e-28
2.4702796602042158e-27
1.5086857780537933e-27
8.1230720132572e-28
2.1841824479103927e-27
3.8487029950343245e-28
2.4702796602042158e-27
1.3333042436255331e-27
9.19606782771343e-28
2.1841824479103927e-27
4.939261620239862e-28
1.5086857780537933e-27
1.9309837630297825e-27
7.174396236135779e-28
2.1841824479103927e-27
7.174396236135779e-28
1.0409525807630125e-27
1.9309837630297825e-27
7.174396236135779e-28
2.7935101340913192e-27
7.174396236135779e-28
9.19606782771343e-28
1.9309837630297825e-27
7.174396236135779e-28
2.4702796602042158e-27
8.1230720132572e-28
9.19606782771343e-28
1.9309837630297825e-27
6.335739780660529e-28
3.1586484964460537e-27
8.1230720132572e-28
9.19606782771343e-28
1.9309837630297825e-27
4.939261620239862e-28
2.7935101340913192e-27
1.0409525807630125e-27
9.19606782771343e-28
1.7069281861668497e-27
6.335739780660529e-28
2.4702796602042158e-27
1.0409525807630125e-27
1.178166431819874e-27
1.5086857780537933e-27
6.335739780660529e-28
2.1841824479103927e-27
9.19606782771343e-28
1.178166431819874e-27
1.7069281861668497e-27
5.594434871474457e-28
2.4702796602042158e-27
8.1230720132572e-28
1.5086857780537933e-27
1.3333042436255331e-27
5.594434871474457e-28
3.57107742394858e-27
6.335739780660529e-28
1.5086857780537933e-27
1.5086857780537933e-27
5.594434871474457e-28
3.57107742394858e-27
7.174396236135779e-28
1.3333042436255331e-27
1.3333042436255331e-27
5.594434871474457e-28
3.57107742394858e-27
5.594434871474457e-28
1.9309837630297825e-27
1.178166431819874e-27
6.335739780660529e-28
3.1586484964460537e-27
6.335739780660529e-28
1.5086857780537933e-27
1.178166431819874e-27
7.174396236135779e-28
2.7935101340913192e-27
7.174396236135779e-28
1.5086857780537933e-27
1.3333042436255331e-27
5.594434871474457e-28
3.1586484964460537e-27
6.335739780660529e-28
2.1841824479103927e-27
1.178166431819874e-27
4.36028378131004e-28
3.57107742394858e-27
7.174396236135779e-28
1.5086857780537933e-27
1.7069281861668497e-27
3.8487029950343245e-28
3.1586484964460537e-27
8.1230720132572e-28
1.5086857780537933e-27
2.1841824479103927e-27
2.9974671576967593e-28
3.1586484964460537e-27
9.19606782771343e-28
1.3333042436255331e-27
2.1841824479103927e-27
2.6448121193274427e-28
2.7935101340913192e-27
1.3333042436255331e-27
1.178166431819874e-27
1.9309837630297825e-27
2.3333620802823194e-28
3.57107742394858e-27
1.3333042436255331e-27
1.0409525807630125e-27
2.4702796602042158e-27
2.0583364357439787e-28
4.036864317879725e-27
1.0409525807630125e-27
1.3333042436255331e-27
1.7069281861668497e-27
2.6448121193274427e-28
4.036864317879725e-27
1.178166431819874e-27
1.0409525807630125e-27
1.9309837630297825e-27
2.9974671576967593e-28
3.57107742394858e-27
1.5086857780537933e-27
7.174396236135779e-28
2.4702796602042158e-27
3.3967294541897082e-28
2.4702796602042158e-27
1.5086857780537933e-27
8.1230720132572e-28
2.1841824479103927e-27
3.8487029950343245e-28
2.4702796602042158e-27
1.3333042436255331e-27
9.19606782771343e-28
2.1841824479103927e-27
4.939261620239862e-28
1.5086857780537933e-27
1.9309837630297825e-27
7.174396236135779e-28
2.1841824479103927e-27
7.174396236135779e-28
1.0409525807630125e-27
1.9309837630297825e-27
7.174396236135779e-28
2.7935101340913192e-27
7.174396236135779e-28
9.19606782771343e-28
1.9309837630297825e-27
7.174396236135779e-28
2.4702796602042158e-27
8.1230720132572e-28
9.19606782771343e-28
1.9309837630297825e-27
6.335739780660529e-28
3.1586484964460537e-27
8.1230720132572e-28
9.19606782771343e-28
1.9309837630297825e-27
4.939261620239862e-28
2.7935101340913192e-27
1.0409525807630125e-27
9.19606782771343e-28
1.7069281861668497e-27
6.335739780660529e-28
2.4702796602042158e-27
1.0409525807630125e-27
1.178166431819874e-27
1.5086857780537933e-27
6.335739780660529e-28
2.1841824479103927e-27
9.19606782771343e-28
1.178166431819874e-27
1.7069281861668497e-27
5.594434871474457e-28
2.4702796602042158e-27
8.1230720132572e-28
1.5086857780537933e-27
1.3333042436255331e-27
5.594434871474457e-28
3.57107742394858e-27
6.335739780660529e-28
1.5086857780537933e-27
1.5086857780537933e-27
5.594434871474457e-28
3.57107742394858e-27
7.174396236135779e-28
1.3333042436255331e-27
1.3333042436255331e-27
5.594434871474457e-28
3.57107742394858e-27
5.594434871474457e-28
1.9309837630297825e-27
1.178166431819874e-27
6.335739780660529e-28
3.1586484964460537e-27
6.335739780660529e-28
1.5086857780537933e-27
1.178166431819874e-27
7.174396236135779e-28
2.7935101340913192e-27
7.174396236135779e-28
1.5086857780537933e-27
1.3333042436255331e-27
5.594434871474457e-28
3.1586484964460537e-27
6.335739780660529e-28
2.1841824479103927e-27
1.178166431819874e-27
4.36028378131004e-28
3.57107742394858e-27
7.174396236135779e-28
1.5086857780537933e-27
1.7069281861668497e-27
3.8487029950343245e-28
3.1586484964460537e-27
8.1230720132572e-28
1.5086857780537933e-27
2.1841824479103927e-27
2.9974671576967593e-28
3.1586484964460537e-27
9.19606782771343e-28
1.3333042436255331e-27
2.1841824479103927e-27
2.6448121193274427e-28
2.7935101340913192e-27
1.3333042436255331e-27
1.178166431819874e-27
1.9309837630297825e-27
2.3333620802823194e-28
3.57107742394858e-27
1.3333042436255331e-27
1.0409525807630125e-27
2.4702796602042158e-27
2.0583364357439787e-28
4.036864317879725e-27
1.0409525807630125e-27
1.3333042436255331e-27
1.7069281861668497e-27
2.6448121193274427e-28
4.036864317879725e-27
1.178166431819874e-27
1.0409525807630125e-27
1.9309837630297825e-27
2.9974671576967593e-28
3.57107742394858e-27
1.5086857780537933e-27
7.174396236135779e-28
2.4702796602042158e-27
3.3967294541897082e-28
2.4702796602042158e-27
1.5086857780537933e-27
8.1230720132572e-28
2.1841824479103927e-27
3.8487029950343245e-28
2.4702796602042158e-27
1.3333042436255331e-27
9.19606782771343e-28
2.1841824479103927e-27
4.939261620239862e-28
1.5086857780537933e-27
1.9309837630297825e-27
7.174396236135779e-28
2.1841824479103927e-27
7.174396236135779e-28
1.0409525807630125e-27
1.9309837630297825e-27
7.174396236135779e-28
2.7935101340913192e-27
7.174396236135779e-28
9.19606782771343e-28
1.9309837630297825e-27
7.174396236135779e-28
2.4702796602042158e-27
8.1230720132572e-28
9.19606782771343e-28
1.9309837630297825e-27
6.335739780660529e-28
3.1586484964460537e-27
8.1230720132572e-28
9.19606782771343e-28
1.9309837630297825e-27
4.939261620239862e-28
2.7935101340913192e-27
1.0409525807630125e-27
9.19606782771343e-28
1.7069281861668497e-27
6.335739780660529e-28
2.4702796602042158e-27
1.0409525807630125e-27
1.178166431819874e-27
1.5086857780537933e-27
6.335739780660529e-28
2.1841824479103927e-27
9.19606782771343e-28
1.178166431819874e-27
1.7069281861668497e-27
5.594434871474457e-28
2.4702796602042158e-27
8.1230720132572e-28
1.5086857780537933e-27
1.3333042436255331e-27
5.594434871474457e-28
3.57107742394858e-27
6.335739780660529e-28
1.5086857780537933e-27
1.5086857780537933e-27
5.594434871474457e-28
3.57107742394858e-27
7.174396236135779e-28
1.3333042436255331e-27
1.3333042436255331e-27
5.594434871474457e-28
3.57107742394858e-27
5.594434871474457e-28
1.9309837630297825e-27
1.178166431819874e-27
6.335739780660529e-28
3.1586484964460537e-27
6.335739780660529e-28
1.5086857780537933e-27
1.178166431819874e-27
7.174396236135779e-28
2.7935101340913192e-27
7.174396236135779e-28
1.5086857780537933e-27
1.3333042436255331e-27
5.594434871474457e-28
3.1586484964460537e-27
6.335739780660529e-28
2.1841824479103927e-27
1.178166431819874e-27
4.36028378131004e-28
3.57107742394858e-27
7.174396236135779e-28
1.5086857780537933e-27
1.7069281861668497e-27
3.8487029950343245e-28
3.1586484964460537e-27
8.1230720132572e-28
1.5086857780537933e-27
2.1841824479103927e-27
2.9974671576967593e-28
3.1586484964460537e-27
9.19606782771343e-28
1.3333042436255331e-27
2.1841824479103927e-27
2.6448121193274427e-28
2.7935101340913192e-27
1.3333042436255331e-27
1.178166431819874e-27
1.9309837630297825e-27
2.3333620802823194e-28
3.57107742394858e-27
1.3333042436255331e-27
1.0409525807630125e-27
2.4702796602042158e-27
2.0583364357439787e-28
4.036864317879725e-27
1.0409525807630125e-27
1.3333042436255331e-27
1.7069281861668497e-27
2.6448121193274427e-28
4.036864317879725e-27
1.178166431819874e-27
1.0409525807630125e-27
1.9309837630297825e-27
2.9974671576967593e-28
3.57107742394858e-27
