1.0344543639209706e-151
6.606381637224614e-153
5.349695742412354e-153
8.613119107876733e-152
1.5327426235561898e-153
7.0895849017064236e-152
6.873239784898676e-153
6.384529070432987e-153
5.8993828567711094e-152
1.7683471108666303e-153
1.0183221790730341e-151
9.115439613563023e-153
4.624353699242285e-153
5.879800229797882e-152
2.2467022557822773e-153
6.947451267808991e-152
7.90338733473831e-153
3.5069303140422067e-153
8.592316652781546e-152
4.4677085472930264e-153
3.054147044786622e-152
1.2535634806129665e-152
4.037430908379826e-153
6.773272695775243e-152
3.4532790963967945e-153
2.5941838568528958e-152
1.4172470016725784e-152
6.073897049920425e-153
4.816390397777157e-152
4.779261888490103e-153
1.3369302475613763e-152
1.6291643244311528e-152
1.0491142381655967e-152
3.2928931103119605e-152
8.75888104182366e-153
5.747022334163869e-153
3.1128653010673892e-152
4.888853285644452e-153
4.192437653256498e-152
2.3952105958014476e-152
3.140570989263871e-153
2.5965373980726084e-152
4.326820434353451e-153
2.976675406338161e-152
2.990202639021651e-152
4.99189544271995e-153
2.4464316133236e-152
2.771968645541405e-153
5.644696655209594e-152
2.3486089291521643e-152
6.900302815369214e-153
2.3057000799933215e-152
3.5196747879142703e-153
4.715551257280053e-152
1.6390434039234062e-152
4.522058094183915e-153
2.5017710217045685e-152
5.174734326128446e-153
4.615427977030661e-152
1.5110422093944938e-152
3.3393289807960815e-153
3.0019759543959734e-152
6.592417286417749e-153
4.434898923629781e-152
2.6036108404706954e-152
1.4572847367017773e-153
3.248405403552883e-152
8.536695663655256e-153
4.506519806407292e-152
2.0842809033652107e-152
1.483957967204589e-153
2.5055550038448507e-152
1.1101254595874042e-152
6.9853540919129154e-152
1.3646953388566448e-152
1.2874100526132288e-153
3.894354710663776e-152
9.616436997755368e-153
9.216487636174606e-152
9.096171860968239e-153
1.9698650288390957e-153
2.7120543932383816e-152
1.0246675033379066e-152
5.583605778062506e-152
8.559951862055972e-153
2.8891776330722844e-153
2.764195827570491e-152
1.2535634806129665e-152
4.323710895908094e-152
1.0074680795012412e-152
3.6840568376023605e-153
2.6488589476755477e-152
8.567717998415206e-153
3.912052128542807e-152
1.0918216195090927e-152
5.165357265103121e-153
3.289908400278701e-152
4.682023889547842e-153
3.2740355764849685e-152
1.3369302475614522e-152
6.973695627569003e-153
3.628416146278764e-152
3.454323150745317e-153
6.267023225877192e-152
5.638610984315068e-153
8.557364714554711e-153
4.267876366632724e-152
2.2116617270251447e-153
6.154388273134329e-152
7.314849347188481e-153
7.886681494355055e-153
5.876246742138908e-152
1.9135202703347146e-153
3.7967184189767046e-152
1.0513364914783017e-152
9.848845068582779e-153
4.908987975116088e-152
1.9920215356961437e-153
4.194972929418984e-152
1.2830831941512776e-152
5.948520969357824e-153
6.137668522163008e-152
1.2277355987233556e-153
1.0344543639209706e-151
6.606381637224614e-153
5.349695742412354e-153
8.613119107876733e-152
1.5327426235561898e-153
7.0895849017064236e-152
6.873239784898676e-153
6.384529070432987e-153
5.8993828567711094e-152
1.7683471108666303e-153
1.0183221790730341e-151
9.115439613563023e-153
4.624353699242285e-153
5.879800229797882e-152
2.2467022557822773e-153
6.947451267808991e-152
7.90338733473831e-153
3.5069303140422067e-153
8.592316652781546e-152
4.4677085472930264e-153
3.054147044786622e-152
1.2535634806129665e-152
4.037430908379826e-153
6.773272695775243e-152
3.4532790963967945e-153
2.5941838568528958e-152
1.4172470016725784e-152
6.073897049920425e-153
4.816390397777157e-152
4.779261888490103e-153
1.3369302475613763e-152
1.6291643244311528e-152
1.0491142381655967e-152
3.2928931103119605e-152
8.75888104182366e-153
5.747022334163869e-153
3.1128653010673892e-152
4.888853285644452e-153
4.192437653256498e-152
2.3952105958014476e-152
3.140570989263871e-153
2.5965373980726084e-152
4.326820434353451e-153
2.976675406338161e-152
2.990202639021651e-152
4.99189544271995e-153
2.4464316133236e-152
2.771968645541405e-153
5.644696655209594e-152
2.3486089291521643e-152
6.900302815369214e-153
2.3057000799933215e-152
3.5196747879142703e-153
4.715551257280053e-152
1.6390434039234062e-152
4.522058094183915e-153
2.5017710217045685e-152
5.174734326128446e-153
4.615427977030661e-152
1.5110422093944938e-152
3.3393289807960815e-153
3.0019759543959734e-152
6.592417286417749e-153
4.434898923629781e-152
2.6036108404706954e-152
1.4572847367017773e-153
3.248405403552883e-152
8.536695663655256e-153
4.506519806407292e-152
2.0842809033652107e-152
1.483957967204589e-153
2.5055550038448507e-152
1.1101254595874042e-152
6.9853540919129154e-152
1.3646953388566448e-152
1.2874100526132288e-153
3.894354710663776e-152
9.616436997755368e-153
9.216487636174606e-152
9.096171860968239e-153
1.9698650288390957e-153
2.7120543932383816e-152
1.0246675033379066e-152
5.583605778062506e-152
8.559951862055972e-153
2.8891776330722844e-153
2.764195827570491e-152
1.2535634806129665e-152
4.323710895908094e-152
1.0074680795012412e-152
3.6840568376023605e-153
2.6488589476755477e-152
8.567717998415206e-153
3.912052128542807e-152
1.0918216195090927e-152
5.165357265103121e-153
3.289908400278701e-152
4.682023889547842e-153
3.2740355764849685e-152
1.3369302475614522e-152
6.973695627569003e-153
3.628416146278764e-152
3.454323150745317e-153
6.267023225877192e-152
5.638610984315068e-153
8.557364714554711e-153
4.267876366632724e-152
2.2116617270251447e-153
6.154388273134329e-152
7.314849347188481e-153
7.886681494355055e-153
5.876246742138908e-152
1.9135202703347146e-153
3.7967184189767046e-152
1.0513364914783017e-152
9.848845068582779e-153
4.908987975116088e-152
1.9920215356961437e-153
4.194972929418984e-152
1.2830831941512776e-152
5.948520969357824e-153
6.137668522163008e-152
1.2277355987233556e-153
1.0344543639209706e-151
6.606381637224614e-153
5.349695742412354e-153
8.613119107876733e-152
1.5327426235561898e-153
7.0895849017064236e-152
6.873239784898676e-153
6.384529070432987e-153
5.8993828567711094e-152
1.7683471108666303e-153
1.0183221790730341e-151
9.115439613563023e-153
4.624353699242285e-153
5.879800229797882e-152
2.2467022557822773e-153
6.947451267808991e-152
7.90338733473831e-153
3.5069303140422067e-153
8.592316652781546e-152
4.4677085472930264e-153
3.054147044786622e-152
1.2535634806129665e-152
4.037430908379826e-153
6.773272695775243e-152
3.4532790963967945e-153
2.5941838568528958e-152
1.4172470016725784e-152
6.073897049920425e-153
4.816390397777157e-152
4.779261888490103e-153
1.3369302475613763e-152
1.6291643244311528e-152
1.0491142381655967e-152
3.2928931103119605e-152
8.75888104182366e-153
5.747022334163869e-153
3.1128653010673892e-152
4.888853285644452e-153
4.192437653256498e-152
2.3952105958014476e-152
3.140570989263871e-153
2.5965373980726084e-152
4.326820434353451e-153
2.976675406338161e-152
2.990202639021651e-152
4.99189544271995e-153
2.4464316133236e-152
2.771968645541405e-153
5.644696655209594e-152
2.3486089291521643e-152
6.900302815369214e-153
2.3057000799933215e-152
3.5196747879142703e-153
4.715551257280053e-152
1.6390434039234062e-152
4.522058094183915e-153
2.5017710217045685e-152
5.174734326128446e-153
4.615427977030661e-152
1.5110422093944938e-152
3.3393289807960815e-153
3.0019759543959734e-152
6.592417286417749e-153
4.434898923629781e-152
2.6036108404706954e-152
1.4572847367017773e-153
3.248405403552883e-152
8.536695663655256e-153
4.506519806407292e-152
2.0842809033652107e-152
1.483957967204589e-153
2.5055550038448507e-152
1.1101254595874042e-152
6.9853540919129154e-152
1.3646953388566448e-152
1.2874100526132288e-153
3.894354710663776e-152
9.616436997755368e-153
9.216487636174606e-152
9.096171860968239e-153
1.9698650288390957e-153
2.7120543932383816e-152
1.0246675033379066e-152
5.583605778062506e-152
8.559951862055972e-153
2.8891776330722844e-153
2.764195827570491e-152
1.2535634806129665e-152
4.323710895908094e-152
1.0074680795012412e-152
3.6840568376023605e-153
2.6488589476755477e-152
8.567717998415206e-153
3.912052128542807e-152
1.0918216195090927e-152
5.165357265103121e-153
3.289908400278701e-152
4.682023889547842e-153
3.2740355764849685e-152
1.3369302475614522e-152
6.973695627569003e-153
3.628416146278764e-152
3.454323150745317e-153
6.267023225877192e-152
5.638610984315068e-153
8.557364714554711e-153
4.267876366632724e-152
2.2116617270251447e-153
6.154388273134329e-152
7.314849347188481e-153
7.886681494355055e-153
5.876246742138908e-152
1.9135202703347146e-153
3.7967184189767046e-152
1.0513364914783017e-152
9.848845068582779e-153
4.908987975116088e-152
1.9920215356961437e-153
4.194972929418984e-152
1.2830831941512776e-152
5.948520969357824e-153
6.137668522163008e-152
1.2277355987233556e-153
1.0344543639209706e-151
6.606381637224614e-153
5.349695742412354e-153
8.613119107876733e-152
1.5327426235561898e-153
7.0895849017064236e-152
6.873239784898676e-153
6.384529070432987e-153
5.8993828567711094e-152
1.7683471108666303e-153
1.0183221790730341e-151
9.115439613563023e-153
4.624353699242285e-153
5.879800229797882e-152
2.2467022557822773e-153
6.947451267808991e-152
7.90338733473831e-153
3.5069303140422067e-153
8.592316652781546e-152
4.4677085472930264e-153
3.054147044786622e-152
1.2535634806129665e-152
4.037430908379826e-153
6.773272695775243e-152
3.4532790963967945e-153
2.5941838568528958e-152
1.4172470016725784e-152
6.073897049920425e-153
4.816390397777157e-152
4.779261888490103e-153
1.3369302475613763e-152
1.6291643244311528e-152
1.0491142381655967e-152
3.2928931103119605e-152
8.75888104182366e-153
5.747022334163869e-153
3.1128653010673892e-152
4.888853285644452e-153
4.192437653256498e-152
2.3952105958014476e-152
3.140570989263871e-153
2.5965373980726084e-152
4.326820434353451e-153
2.976675406338161e-152
2.990202639021651e-152
4.99189544271995e-153
2.4464316133236e-152
2.771968645541405e-153
5.644696655209594e-152
2.3486089291521643e-152
6.900302815369214e-153
2.3057000799933215e-152
3.5196747879142703e-153
4.715551257280053e-152
1.6390434039234062e-152
4.522058094183915e-153
2.5017710217045685e-152
5.174734326128446e-153
4.615427977030661e-152
1.5110422093944938e-152
3.3393289807960815e-153
3.0019759543959734e-152
6.592417286417749e-153
4.434898923629781e-152
2.6036108404706954e-152
1.4572847367017773e-153
3.248405403552883e-152
8.536695663655256e-153
4.506519806407292e-152
2.0842809033652107e-152
1.483957967204589e-153
2.5055550038448507e-152
1.1101254595874042e-152
6.9853540919129154e-152
1.3646953388566448e-152
1.2874100526132288e-153
3.894354710663776e-152
9.616436997755368e-153
9.216487636174606e-152
9.096171860968239e-153
1.9698650288390957e-153
2.7120543932383816e-152
1.0246675033379066e-152
5.583605778062506e-152
8.559951862055972e-153
2.8891776330722844e-153
2.764195827570491e-152
1.2535634806129665e-152
4.323710895908094e-152
1.0074680795012412e-152
3.6840568376023605e-153
2.6488589476755477e-152
8.567717998415206e-153
3.912052128542807e-152
1.0918216195090927e-152
5.165357265103121e-153
3.289908400278701e-152
4.682023889547842e-153
3.2740355764849685e-152
1.3369302475614522e-152
6.973695627569003e-153
3.628416146278764e-152
3.454323150745317e-153
6.267023225877192e-152
5.638610984315068e-153
8.557364714554711e-153
4.267876366632724e-152
2.2116617270251447e-153
6.154388273134329e-152
7.314849347188481e-153
7.886681494355055e-153
5.876246742138908e-152
1.9135202703347146e-153
3.7967184189767046e-152
1.0513364914783017e-152
9.848845068582779e-153
4.908987975116088e-152
1.9920215356961437e-153
4.194972929418984e-152
1.2830831941512776e-152
5.948520969357824e-153
6.137668522163008e-152
1.2277355987233556e-153
1.0344543639209706e-151
6.606381637224614e-153
5.349695742412354e-153
8.613119107876733e-152
1.5327426235561898e-153
7.0895849017064236e-152
6.873239784898676e-153
6.384529070432987e-153
5.8993828567711094e-152
1.7683471108666303e-153
1.0183221790730341e-151
9.115439613563023e-153
4.624353699242285e-153
5.879800229797882e-152
2.2467022557822773e-153
6.947451267808991e-152
7.90338733473831e-153
3.5069303140422067e-153
8.592316652781546e-152
4.4677085472930264e-153
3.054147044786622e-152
1.2535634806129665e-152
4.037430908379826e-153
6.773272695775243e-152
3.4532790963967945e-153
2.5941838568528958e-152
1.4172470016725784e-152
6.073897049920425e-153
4.816390397777157e-152
4.779261888490103e-153
1.3369302475613763e-152
1.6291643244311528e-152
1.0491142381655967e-152
3.2928931103119605e-152
8.75888104182366e-153
5.747022334163869e-153
3.1128653010673892e-152
4.888853285644452e-153
4.192437653256498e-152
2.3952105958014476e-152
3.140570989263871e-153
2.5965373980726084e-152
4.326820434353451e-153
2.976675406338161e-152
2.990202639021651e-152
4.99189544271995e-153
2.4464316133236e-152
2.771968645541405e-153
5.644696655209594e-152
2.3486089291521643e-152
6.900302815369214e-153
2.3057000799933215e-152
3.5196747879142703e-153
4.715551257280053e-152
1.6390434039234062e-152
4.522058094183915e-153
2.5017710217045685e-152
5.174734326128446e-153
4.615427977030661e-152
1.5110422093944938e-152
3.3393289807960815e-153
3.0019759543959734e-152
6.592417286417749e-153
4.434898923629781e-152
2.6036108404706954e-152
1.4572847367017773e-153
3.248405403552883e-152
8.536695663655256e-153
4.506519806407292e-152
2.0842809033652107e-152
1.483957967204589e-153
2.5055550038448507e-152
1.1101254595874042e-152
6.9853540919129154e-152
1.3646953388566448e-152
1.2874100526132288e-153
3.894354710663776e-152
9.616436997755368e-153
9.216487636174606e-152
9.096171860968239e-153
1.9698650288390957e-153
2.7120543932383816e-152
1.0246675033379066e-152
5.583605778062506e-152
8.559951862055972e-153
2.8891776330722844e-153
2.764195827570491e-152
1.2535634806129665e-152
4.323710895908094e-152
1.0074680795012412e-152
3.6840568376023605e-153
2.6488589476755477e-152
8.567717998415206e-153
3.912052128542807e-152
1.0918216195090927e-152
5.165357265103121e-153
3.289908400278701e-152
4.682023889547842e-153
3.2740355764849685e-152
1.3369302475614522e-152
6.973695627569003e-153
3.628416146278764e-152
3.454323150745317e-153
6.267023225877192e-152
5.638610984315068e-153
8.557364714554711e-153
4.267876366632724e-152
2.2116617270251447e-153
6.154388273134329e-152
7.314849347188481e-153
7.886681494355055e-153
5.876246742138908e-152
1.9135202703347146e-153
3.7967184189767046e-152
1.0513364914783017e-152
9.848845068582779e-153
4.908987975116088e-152
1.9920215356961437e-153
4.194972929418984e-152
1.2830831941512776e-152
5.948520969357824e-153
6.137668522163008e-152
1.2277355987233556e-153
1.0344543639209706e-151
6.606381637224614e-153
5.349695742412354e-153
8.613119107876733e-152
1.5327426235561898e-153
7.0895849017064236e-152
6.873239784898676e-153
6.384529070432987e-153
5.8993828567711094e-152
1.7683471108666303e-153
1.0183221790730341e-151
9.115439613563023e-153
4.624353699242285e-153
5.879800229797882e-152
2.2467022557822773e-153
6.947451267808991e-152
7.90338733473831e-153
3.5069303140422067e-153
8.592316652781546e-152
4.4677085472930264e-153
3.054147044786622e-152
1.2535634806129665e-152
4.037430908379826e-153
6.773272695775243e-152
3.4532790963967945e-153
2.5941838568528958e-152
1.4172470016725784e-152
6.073897049920425e-153
4.816390397777157e-152
4.779261888490103e-153
1.3369302475613763e-152
1.6291643244311528e-152
1.0491142381655967e-152
3.2928931103119605e-152
8.75888104182366e-153
5.747022334163869e-153
3.1128653010673892e-152
4.888853285644452e-153
4.192437653256498e-152
2.3952105958014476e-152
3.140570989263871e-153
2.5965373980726084e-152
4.326820434353451e-153
2.976675406338161e-152
2.990202639021651e-152
4.99189544271995e-153
2.4464316133236e-152
2.771968645541405e-153
5.644696655209594e-152
2.3486089291521643e-152
6.900302815369214e-153
2.3057000799933215e-152
3.5196747879142703e-153
4.715551257280053e-152
1.6390434039234062e-152
4.522058094183915e-153
2.5017710217045685e-152
5.174734326128446e-153
4.615427977030661e-152
1.5110422093944938e-152
3.3393289807960815e-153
3.0019759543959734e-152
6.592417286417749e-153
4.434898923629781e-152
2.6036108404706954e-152
1.4572847367017773e-153
3.248405403552883e-152
8.536695663655256e-153
4.506519806407292e-152
2.0842809033652107e-152
1.483957967204589e-153
2.5055550038448507e-152
1.1101254595874042e-152
6.9853540919129154e-152
1.3646953388566448e-152
1.2874100526132288e-153
3.894354710663776e-152
9.616436997755368e-153
9.216487636174606e-152
9.096171860968239e-153
1.9698650288390957e-153
2.7120543932383816e-152
1.0246675033379066e-152
5.583605778062506e-152
8.559951862055972e-153
2.8891776330722844e-153
2.764195827570491e-152
1.2535634806129665e-152
4.323710895908094e-152
1.0074680795012412e-152
3.6840568376023605e-153
2.6488589476755477e-152
8.567717998415206e-153
3.912052128542807e-152
1.0918216195090927e-152
5.165357265103121e-153
3.289908400278701e-152
4.682023889547842e-153
3.2740355764849685e-152
1.3369302475614522e-152
6.973695627569003e-153
3.628416146278764e-152
3.454323150745317e-153
6.267023225877192e-152
5.638610984315068e-153
8.557364714554711e-153
4.267876366632724e-152
2.2116617270251447e-153
6.154388273134329e-152
7.314849347188481e-153
7.886681494355055e-153
5.876246742138908e-152
1.9135202703347146e-153
3.7967184189767046e-152
1.0513364914783017e-152
9.848845068582779e-153
4.908987975116088e-152
1.9920215356961437e-153
4.194972929418984e-152
1.2830831941512776e-152
5.948520969357824e-153
6.137668522163008e-152
1.2277355987233556e-153
1.0344543639209706e-151
6.606381637224614e-153
5.349695742412354e-153
8.613119107876733e-152
1.5327426235561898e-153
7.0895849017064236e-152
6.873239784898676e-153
6.384529070432987e-153
5.8993828567711094e-152
1.7683471108666303e-153
1.0183221790730341e-151
9.115439613563023e-153
4.624353699242285e-153
5.879800229797882e-152
2.2467022557822773e-153
6.947451267808991e-152
7.90338733473831e-153
3.5069303140422067e-153
8.592316652781546e-152
4.4677085472930264e-153
3.054147044786622e-152
1.2535634806129665e-152
4.037430908379826e-153
6.773272695775243e-152
3.4532790963967945e-153
2.5941838568528958e-152
1.4172470016725784e-152
6.073897049920425e-153
4.816390397777157e-152
4.779261888490103e-153
1.3369302475613763e-152
1.6291643244311528e-152
1.0491142381655967e-152
3.2928931103119605e-152
8.75888104182366e-153
5.747022334163869e-153
3.1128653010673892e-152
4.888853285644452e-153
4.192437653256498e-152
2.3952105958014476e-152
3.140570989263871e-153
2.5965373980726084e-152
4.326820434353451e-153
2.976675406338161e-152
2.990202639021651e-152
4.99189544271995e-153
2.4464316133236e-152
2.771968645541405e-153
5.644696655209594e-152
2.3486089291521643e-152
6.900302815369214e-153
2.3057000799933215e-152
3.5196747879142703e-153
4.715551257280053e-152
1.6390434039234062e-152
4.522058094183915e-153
2.5017710217045685e-152
5.174734326128446e-153
4.615427977030661e-152
1.5110422093944938e-152
3.3393289807960815e-153
3.0019759543959734e-152
6.592417286417749e-153
4.434898923629781e-152
2.6036108404706954e-152
1.4572847367017773e-153
3.248405403552883e-152
8.536695663655256e-153
4.506519806407292e-152
2.0842809033652107e-152
1.483957967204589e-153
2.5055550038448507e-152
1.1101254595874042e-152
6.9853540919129154e-152
1.3646953388566448e-152
1.2874100526132288e-153
3.894354710663776e-152
9.616436997755368e-153
9.216487636174606e-152
9.096171860968239e-153
1.9698650288390957e-153
2.7120543932383816e-152
1.0246675033379066e-152
5.583605778062506e-152
8.559951862055972e-153
2.8891776330722844e-153
2.764195827570491e-152
1.2535634806129665e-152
4.323710895908094e-152
1.0074680795012412e-152
3.6840568376023605e-153
2.6488589476755477e-152
8.567717998415206e-153
3.912052128542807e-152
1.0918216195090927e-152
5.165357265103121e-153
3.289908400278701e-152
4.682023889547842e-153
3.2740355764849685e-152
1.3369302475614522e-152
6.973695627569003e-153
3.628416146278764e-152
3.454323150745317e-153
6.267023225877192e-152
5.638610984315068e-153
8.557364714554711e-153
4.267876366632724e-152
2.2116617270251447e-153
6.154388273134329e-152
7.314849347188481e-153
7.886681494355055e-153
5.876246742138908e-152
1.9135202703347146e-153
3.7967184189767046e-152
1.0513364914783017e-152
9.848845068582779e-153
4.908987975116088e-152
1.9920215356961437e-153
4.194972929418984e-152
1.2830831941512776e-152
5.948520969357824e-153
6.137668522163008e-152
1.2277355987233556e-153
1.0344543639209706e-151
6.606381637224614e-153
5.349695742412354e-153
8.613119107876733e-152
1.5327426235561898e-153
7.0895849017064236e-152
6.873239784898676e-153
6.384529070432987e-153
5.8993828567711094e-152
1.7683471108666303e-153
1.0183221790730341e-151
9.115439613563023e-153
4.624353699242285e-153
5.879800229797882e-152
2.2467022557822773e-153
6.947451267808991e-152
7.90338733473831e-153
3.5069303140422067e-153
8.592316652781546e-152
4.4677085472930264e-153
3.054147044786622e-152
1.2535634806129665e-152
4.037430908379826e-153
6.773272695775243e-152
3.4532790963967945e-153
2.5941838568528958e-152
1.4172470016725784e-152
6.073897049920425e-153
4.816390397777157e-152
4.779261888490103e-153
1.3369302475613763e-152
1.6291643244311528e-152
1.0491142381655967e-152
3.2928931103119605e-152
8.75888104182366e-153
5.747022334163869e-153
3.1128653010673892e-152
4.888853285644452e-153
4.192437653256498e-152
2.3952105958014476e-152
3.140570989263871e-153
2.5965373980726084e-152
4.326820434353451e-153
2.976675406338161e-152
2.990202639021651e-152
4.99189544271995e-153
2.4464316133236e-152
2.771968645541405e-153
5.644696655209594e-152
2.3486089291521643e-152
6.900302815369214e-153
2.3057000799933215e-152
3.5196747879142703e-153
4.715551257280053e-152
1.6390434039234062e-152
4.522058094183915e-153
2.5017710217045685e-152
5.174734326128446e-153
4.615427977030661e-152
1.5110422093944938e-152
3.3393289807960815e-153
3.0019759543959734e-152
6.592417286417749e-153
4.434898923629781e-152
2.6036108404706954e-152
1.4572847367017773e-153
3.248405403552883e-152
8.536695663655256e-153
4.506519806407292e-152
2.0842809033652107e-152
1.483957967204589e-153
2.5055550038448507e-152
1.1101254595874042e-152
6.9853540919129154e-152
1.3646953388566448e-152
1.2874100526132288e-153
3.894354710663776e-152
9.616436997755368e-153
9.216487636174606e-152
9.096171860968239e-153
1.9698650288390957e-153
2.7120543932383816e-152
1.0246675033379066e-152
5.583605778062506e-152
8.559951862055972e-153
2.8891776330722844e-153
2.764195827570491e-152
1.2535634806129665e-152
4.323710895908094e-152
1.0074680795012412e-152
3.6840568376023605e-153
2.6488589476755477e-152
8.567717998415206e-153
3.912052128542807e-152
1.0918216195090927e-152
5.165357265103121e-153
3.289908400278701e-152
4.682023889547842e-153
3.2740355764849685e-152
1.3369302475614522e-152
6.973695627569003e-153
3.628416146278764e-152
3.454323150745317e-153
6.267023225877192e-152
5.638610984315068e-153
8.557364714554711e-153
4.267876366632724e-152
2.2116617270251447e-153
6.154388273134329e-152
7.314849347188481e-153
7.886681494355055e-153
5.876246742138908e-152
1.9135202703347146e-153
3.7967184189767046e-152
1.0513364914783017e-152
9.848845068582779e-153
4.908987975116088e-152
1.9920215356961437e-153
4.194972929418984e-152
1.2830831941512776e-152
5.948520969357824e-153
6.137668522163008e-152
1.2277355987233556e-153
1.0344543639209706e-151
6.606381637224614e-153
5.349695742412354e-153
8.613119107876733e-152
1.5327426235561898e-153
7.0895849017064236e-152
6.873239784898676e-153
6.384529070432987e-153
5.8993828567711094e-152
1.7683471108666303e-153
1.0183221790730341e-151
9.115439613563023e-153
4.624353699242285e-153
5.879800229797882e-152
2.2467022557822773e-153
6.947451267808991e-152
