2.322738668070201e-10
2.722096992258116e-10
3.3860059200918613e-10
2.1976953590296944e-10
4.072869819182756e-10
2.311519864406364e-10
2.814266597539472e-10
3.2403491001531393e-10
2.3787227743099493e-10
3.965602290989523e-10
2.258745412930807e-10
2.756851413820982e-10
3.336784182295105e-10
2.32819208356716e-10
3.8437797389434536e-10
2.340337923456559e-10
2.748093974602739e-10
3.468528797512249e-10
2.190108094879406e-10
3.7608660630183977e-10
2.5477686627084495e-10
2.650657471292561e-10
3.375779655812039e-10
2.2903667851181808e-10
3.728092279331463e-10
2.5447799423261586e-10
2.7297586413510544e-10
3.250283375777485e-10
2.3134760773757534e-10
3.545922444558869e-10
2.794703357622552e-10
2.5481061705079355e-10
3.3001446020364256e-10
2.392641640369675e-10
3.2905123070747777e-10
3.000923953777601e-10
2.5157953498222696e-10
3.279695404145855e-10
2.3930901704716234e-10
3.1395064326034117e-10
3.139235538185403e-10
2.519046082838372e-10
3.311136920203239e-10
2.409793475877109e-10
3.086008115715799e-10
3.158858730145653e-10
2.504529916791398e-10
3.3567426616087914e-10
2.3004143034910385e-10
3.1203029049464703e-10
3.15165449293886e-10
2.484236150124275e-10
3.41137784687362e-10
2.4076152183027943e-10
3.020407257636748e-10
3.1925506682739524e-10
2.5357671518122515e-10
3.2303071328954047e-10
2.483312444567787e-10
2.9522073674570493e-10
3.133314718795077e-10
2.5563939853867623e-10
3.2300495611536917e-10
2.510036622993539e-10
2.9779900767579193e-10
3.2541125349894173e-10
2.4508894913566337e-10
3.307563112286971e-10
2.486492123310313e-10
2.9660207623294355e-10
3.209644772184106e-10
2.531596043908735e-10
3.2980151942751945e-10
2.3227053613794624e-10
3.1330416039310194e-10
3.2203151256737783e-10
2.45125586495476e-10
3.3185354464393413e-10
2.320381664588922e-10
3.084567046229836e-10
3.2340696787258594e-10
2.4948731969232085e-10
3.388805902559966e-10
2.303759405464234e-10
3.24692162045892e-10
2.9987790028940253e-10
2.5487167931714794e-10
3.2690183893180347e-10
2.420559308546899e-10
3.112088364787269e-10
3.1172220360531355e-10
2.5308233286835957e-10
3.282324412268167e-10
2.503968143940938e-10
2.967017742605549e-10
3.151163774361976e-10
2.4438995271935937e-10
3.471204435001596e-10
2.423929945649661e-10
3.029132500387277e-10
2.987907699036896e-10
2.478727223476085e-10
3.6810332559866765e-10
2.2881263550544872e-10
3.099337453349449e-10
3.1096036856581577e-10
2.3080537481234842e-10
3.837147266594343e-10
2.3746904442845107e-10
2.936767495853587e-10
3.135788295693942e-10
2.214196603844698e-10
4.0352066132953723e-10
2.3679735949855285e-10
2.876794358286361e-10
3.1385438692410617e-10
2.2470680871577997e-10
4.0612679885754233e-10
2.43560283053057e-10
2.6737267955212474e-10
3.266920067801493e-10
2.309366031738591e-10
4.0731296113705184e-10
2.322738668070201e-10
2.722096992258116e-10
3.3860059200918613e-10
2.1976953590296944e-10
4.072869819182756e-10
2.311519864406364e-10
2.814266597539472e-10
3.2403491001531393e-10
2.3787227743099493e-10
3.965602290989523e-10
2.258745412930807e-10
2.756851413820982e-10
3.336784182295105e-10
2.32819208356716e-10
3.8437797389434536e-10
2.340337923456559e-10
2.748093974602739e-10
3.468528797512249e-10
2.190108094879406e-10
3.7608660630183977e-10
2.5477686627084495e-10
2.650657471292561e-10
3.375779655812039e-10
2.2903667851181808e-10
3.728092279331463e-10
2.5447799423261586e-10
2.7297586413510544e-10
3.250283375777485e-10
2.3134760773757534e-10
3.545922444558869e-10
2.794703357622552e-10
2.5481061705079355e-10
3.3001446020364256e-10
2.392641640369675e-10
3.2905123070747777e-10
3.000923953777601e-10
2.5157953498222696e-10
3.279695404145855e-10
2.3930901704716234e-10
3.1395064326034117e-10
3.139235538185403e-10
2.519046082838372e-10
3.311136920203239e-10
2.409793475877109e-10
3.086008115715799e-10
3.158858730145653e-10
2.504529916791398e-10
3.3567426616087914e-10
2.3004143034910385e-10
3.1203029049464703e-10
3.15165449293886e-10
2.484236150124275e-10
3.41137784687362e-10
2.4076152183027943e-10
3.020407257636748e-10
3.1925506682739524e-10
2.5357671518122515e-10
3.2303071328954047e-10
2.483312444567787e-10
2.9522073674570493e-10
3.133314718795077e-10
2.5563939853867623e-10
3.2300495611536917e-10
2.510036622993539e-10
2.9779900767579193e-10
3.2541125349894173e-10
2.4508894913566337e-10
3.307563112286971e-10
2.486492123310313e-10
2.9660207623294355e-10
3.209644772184106e-10
2.531596043908735e-10
3.2980151942751945e-10
2.3227053613794624e-10
3.1330416039310194e-10
3.2203151256737783e-10
2.45125586495476e-10
3.3185354464393413e-10
2.320381664588922e-10
3.084567046229836e-10
3.2340696787258594e-10
2.4948731969232085e-10
3.388805902559966e-10
2.303759405464234e-10
3.24692162045892e-10
2.9987790028940253e-10
2.5487167931714794e-10
3.2690183893180347e-10
2.420559308546899e-10
3.112088364787269e-10
3.1172220360531355e-10
2.5308233286835957e-10
3.282324412268167e-10
2.503968143940938e-10
2.967017742605549e-10
3.151163774361976e-10
2.4438995271935937e-10
3.471204435001596e-10
2.423929945649661e-10
3.029132500387277e-10
2.987907699036896e-10
2.478727223476085e-10
3.6810332559866765e-10
2.2881263550544872e-10
3.099337453349449e-10
3.1096036856581577e-10
2.3080537481234842e-10
3.837147266594343e-10
2.3746904442845107e-10
2.936767495853587e-10
3.135788295693942e-10
2.214196603844698e-10
4.0352066132953723e-10
2.3679735949855285e-10
2.876794358286361e-10
3.1385438692410617e-10
2.2470680871577997e-10
4.0612679885754233e-10
2.43560283053057e-10
2.6737267955212474e-10
3.266920067801493e-10
2.309366031738591e-10
4.0731296113705184e-10
2.322738668070201e-10
2.722096992258116e-10
3.3860059200918613e-10
2.1976953590296944e-10
4.072869819182756e-10
2.311519864406364e-10
2.814266597539472e-10
3.2403491001531393e-10
2.3787227743099493e-10
3.965602290989523e-10
2.258745412930807e-10
2.756851413820982e-10
3.336784182295105e-10
2.32819208356716e-10
3.8437797389434536e-10
2.340337923456559e-10
2.748093974602739e-10
3.468528797512249e-10
2.190108094879406e-10
3.7608660630183977e-10
2.5477686627084495e-10
2.650657471292561e-10
3.375779655812039e-10
2.2903667851181808e-10
3.728092279331463e-10
2.5447799423261586e-10
2.7297586413510544e-10
3.250283375777485e-10
2.3134760773757534e-10
3.545922444558869e-10
2.794703357622552e-10
2.5481061705079355e-10
3.3001446020364256e-10
2.392641640369675e-10
3.2905123070747777e-10
3.000923953777601e-10
2.5157953498222696e-10
3.279695404145855e-10
2.3930901704716234e-10
3.1395064326034117e-10
3.139235538185403e-10
2.519046082838372e-10
3.311136920203239e-10
2.409793475877109e-10
3.086008115715799e-10
3.158858730145653e-10
2.504529916791398e-10
3.3567426616087914e-10
2.3004143034910385e-10
3.1203029049464703e-10
3.15165449293886e-10
2.484236150124275e-10
3.41137784687362e-10
2.4076152183027943e-10
3.020407257636748e-10
3.1925506682739524e-10
2.5357671518122515e-10
3.2303071328954047e-10
2.483312444567787e-10
2.9522073674570493e-10
3.133314718795077e-10
2.5563939853867623e-10
3.2300495611536917e-10
2.510036622993539e-10
2.9779900767579193e-10
3.2541125349894173e-10
2.4508894913566337e-10
3.307563112286971e-10
2.486492123310313e-10
2.9660207623294355e-10
3.209644772184106e-10
2.531596043908735e-10
3.2980151942751945e-10
2.3227053613794624e-10
3.1330416039310194e-10
3.2203151256737783e-10
2.45125586495476e-10
3.3185354464393413e-10
2.320381664588922e-10
3.084567046229836e-10
3.2340696787258594e-10
2.4948731969232085e-10
3.388805902559966e-10
2.303759405464234e-10
3.24692162045892e-10
2.9987790028940253e-10
2.5487167931714794e-10
3.2690183893180347e-10
2.420559308546899e-10
3.112088364787269e-10
3.1172220360531355e-10
2.5308233286835957e-10
3.282324412268167e-10
2.503968143940938e-10
2.967017742605549e-10
3.151163774361976e-10
2.4438995271935937e-10
3.471204435001596e-10
2.423929945649661e-10
3.029132500387277e-10
2.987907699036896e-10
2.478727223476085e-10
3.6810332559866765e-10
2.2881263550544872e-10
3.099337453349449e-10
3.1096036856581577e-10
2.3080537481234842e-10
3.837147266594343e-10
2.3746904442845107e-10
2.936767495853587e-10
3.135788295693942e-10
2.214196603844698e-10
4.0352066132953723e-10
2.3679735949855285e-10
2.876794358286361e-10
3.1385438692410617e-10
2.2470680871577997e-10
4.0612679885754233e-10
2.43560283053057e-10
2.6737267955212474e-10
3.266920067801493e-10
2.309366031738591e-10
4.0731296113705184e-10
2.322738668070201e-10
2.722096992258116e-10
3.3860059200918613e-10
2.1976953590296944e-10
4.072869819182756e-10
2.311519864406364e-10
2.814266597539472e-10
3.2403491001531393e-10
2.3787227743099493e-10
3.965602290989523e-10
2.258745412930807e-10
2.756851413820982e-10
3.336784182295105e-10
2.32819208356716e-10
3.8437797389434536e-10
2.340337923456559e-10
2.748093974602739e-10
3.468528797512249e-10
2.190108094879406e-10
3.7608660630183977e-10
2.5477686627084495e-10
2.650657471292561e-10
3.375779655812039e-10
2.2903667851181808e-10
3.728092279331463e-10
2.5447799423261586e-10
2.7297586413510544e-10
3.250283375777485e-10
2.3134760773757534e-10
3.545922444558869e-10
2.794703357622552e-10
2.5481061705079355e-10
3.3001446020364256e-10
2.392641640369675e-10
3.2905123070747777e-10
3.000923953777601e-10
2.5157953498222696e-10
3.279695404145855e-10
2.3930901704716234e-10
3.1395064326034117e-10
3.139235538185403e-10
2.519046082838372e-10
3.311136920203239e-10
2.409793475877109e-10
3.086008115715799e-10
3.158858730145653e-10
2.504529916791398e-10
3.3567426616087914e-10
2.3004143034910385e-10
3.1203029049464703e-10
3.15165449293886e-10
2.484236150124275e-10
3.41137784687362e-10
2.4076152183027943e-10
3.020407257636748e-10
3.1925506682739524e-10
2.5357671518122515e-10
3.2303071328954047e-10
2.483312444567787e-10
2.9522073674570493e-10
3.133314718795077e-10
2.5563939853867623e-10
3.2300495611536917e-10
2.510036622993539e-10
2.9779900767579193e-10
3.2541125349894173e-10
2.4508894913566337e-10
3.307563112286971e-10
2.486492123310313e-10
2.9660207623294355e-10
3.209644772184106e-10
2.531596043908735e-10
3.2980151942751945e-10
2.3227053613794624e-10
3.1330416039310194e-10
3.2203151256737783e-10
2.45125586495476e-10
3.3185354464393413e-10
2.320381664588922e-10
3.084567046229836e-10
3.2340696787258594e-10
2.4948731969232085e-10
3.388805902559966e-10
2.303759405464234e-10
3.24692162045892e-10
2.9987790028940253e-10
2.5487167931714794e-10
3.2690183893180347e-10
2.420559308546899e-10
3.112088364787269e-10
3.1172220360531355e-10
2.5308233286835957e-10
3.282324412268167e-10
2.503968143940938e-10
2.967017742605549e-10
3.151163774361976e-10
2.4438995271935937e-10
3.471204435001596e-10
2.423929945649661e-10
3.029132500387277e-10
2.987907699036896e-10
2.478727223476085e-10
3.6810332559866765e-10
2.2881263550544872e-10
3.099337453349449e-10
3.1096036856581577e-10
2.3080537481234842e-10
3.837147266594343e-10
2.3746904442845107e-10
2.936767495853587e-10
3.135788295693942e-10
2.214196603844698e-10
4.0352066132953723e-10
2.3679735949855285e-10
2.876794358286361e-10
3.1385438692410617e-10
2.2470680871577997e-10
4.0612679885754233e-10
2.43560283053057e-10
2.6737267955212474e-10
3.266920067801493e-10
2.309366031738591e-10
4.0731296113705184e-10
2.322738668070201e-10
2.722096992258116e-10
3.3860059200918613e-10
2.1976953590296944e-10
4.072869819182756e-10
2.311519864406364e-10
2.814266597539472e-10
3.2403491001531393e-10
2.3787227743099493e-10
3.965602290989523e-10
2.258745412930807e-10
2.756851413820982e-10
3.336784182295105e-10
2.32819208356716e-10
3.8437797389434536e-10
2.340337923456559e-10
2.748093974602739e-10
3.468528797512249e-10
2.190108094879406e-10
3.7608660630183977e-10
2.5477686627084495e-10
2.650657471292561e-10
3.375779655812039e-10
2.2903667851181808e-10
3.728092279331463e-10
2.5447799423261586e-10
2.7297586413510544e-10
3.250283375777485e-10
2.3134760773757534e-10
3.545922444558869e-10
2.794703357622552e-10
2.5481061705079355e-10
3.3001446020364256e-10
2.392641640369675e-10
3.2905123070747777e-10
3.000923953777601e-10
2.5157953498222696e-10
3.279695404145855e-10
2.3930901704716234e-10
3.1395064326034117e-10
3.139235538185403e-10
2.519046082838372e-10
3.311136920203239e-10
2.409793475877109e-10
3.086008115715799e-10
3.158858730145653e-10
2.504529916791398e-10
3.3567426616087914e-10
2.3004143034910385e-10
3.1203029049464703e-10
3.15165449293886e-10
2.484236150124275e-10
3.41137784687362e-10
2.4076152183027943e-10
3.020407257636748e-10
3.1925506682739524e-10
2.5357671518122515e-10
3.2303071328954047e-10
2.483312444567787e-10
2.9522073674570493e-10
3.133314718795077e-10
2.5563939853867623e-10
3.2300495611536917e-10
2.510036622993539e-10
2.9779900767579193e-10
3.2541125349894173e-10
2.4508894913566337e-10
3.307563112286971e-10
2.486492123310313e-10
2.9660207623294355e-10
3.209644772184106e-10
2.531596043908735e-10
3.2980151942751945e-10
2.3227053613794624e-10
3.1330416039310194e-10
3.2203151256737783e-10
2.45125586495476e-10
3.3185354464393413e-10
2.320381664588922e-10
3.084567046229836e-10
3.2340696787258594e-10
2.4948731969232085e-10
3.388805902559966e-10
2.303759405464234e-10
3.24692162045892e-10
2.9987790028940253e-10
2.5487167931714794e-10
3.2690183893180347e-10
2.420559308546899e-10
3.112088364787269e-10
3.1172220360531355e-10
2.5308233286835957e-10
3.282324412268167e-10
2.503968143940938e-10
2.967017742605549e-10
3.151163774361976e-10
2.4438995271935937e-10
3.471204435001596e-10
2.423929945649661e-10
3.029132500387277e-10
2.987907699036896e-10
2.478727223476085e-10
3.6810332559866765e-10
2.2881263550544872e-10
3.099337453349449e-10
3.1096036856581577e-10
2.3080537481234842e-10
3.837147266594343e-10
2.3746904442845107e-10
2.936767495853587e-10
3.135788295693942e-10
2.214196603844698e-10
4.0352066132953723e-10
2.3679735949855285e-10
2.876794358286361e-10
3.1385438692410617e-10
2.2470680871577997e-10
4.0612679885754233e-10
2.43560283053057e-10
2.6737267955212474e-10
3.266920067801493e-10
2.309366031738591e-10
4.0731296113705184e-10
2.322738668070201e-10
2.722096992258116e-10
3.3860059200918613e-10
2.1976953590296944e-10
4.072869819182756e-10
2.311519864406364e-10
2.814266597539472e-10
3.2403491001531393e-10
2.3787227743099493e-10
3.965602290989523e-10
2.258745412930807e-10
2.756851413820982e-10
3.336784182295105e-10
2.32819208356716e-10
3.8437797389434536e-10
2.340337923456559e-10
2.748093974602739e-10
3.468528797512249e-10
2.190108094879406e-10
3.7608660630183977e-10
2.5477686627084495e-10
2.650657471292561e-10
3.375779655812039e-10
2.2903667851181808e-10
3.728092279331463e-10
2.5447799423261586e-10
2.7297586413510544e-10
3.250283375777485e-10
2.3134760773757534e-10
3.545922444558869e-10
2.794703357622552e-10
2.5481061705079355e-10
3.3001446020364256e-10
2.392641640369675e-10
3.2905123070747777e-10
3.000923953777601e-10
2.5157953498222696e-10
3.279695404145855e-10
2.3930901704716234e-10
3.1395064326034117e-10
3.139235538185403e-10
2.519046082838372e-10
3.311136920203239e-10
2.409793475877109e-10
3.086008115715799e-10
3.158858730145653e-10
2.504529916791398e-10
3.3567426616087914e-10
2.3004143034910385e-10
3.1203029049464703e-10
3.15165449293886e-10
2.484236150124275e-10
3.41137784687362e-10
2.4076152183027943e-10
3.020407257636748e-10
3.1925506682739524e-10
2.5357671518122515e-10
3.2303071328954047e-10
2.483312444567787e-10
2.9522073674570493e-10
3.133314718795077e-10
2.5563939853867623e-10
3.2300495611536917e-10
2.510036622993539e-10
2.9779900767579193e-10
3.2541125349894173e-10
2.4508894913566337e-10
3.307563112286971e-10
2.486492123310313e-10
2.9660207623294355e-10
3.209644772184106e-10
2.531596043908735e-10
3.2980151942751945e-10
2.3227053613794624e-10
3.1330416039310194e-10
3.2203151256737783e-10
2.45125586495476e-10
3.3185354464393413e-10
2.320381664588922e-10
3.084567046229836e-10
3.2340696787258594e-10
2.4948731969232085e-10
3.388805902559966e-10
2.303759405464234e-10
3.24692162045892e-10
2.9987790028940253e-10
2.5487167931714794e-10
3.2690183893180347e-10
2.420559308546899e-10
3.112088364787269e-10
3.1172220360531355e-10
2.5308233286835957e-10
3.282324412268167e-10
2.503968143940938e-10
2.967017742605549e-10
3.151163774361976e-10
2.4438995271935937e-10
3.471204435001596e-10
2.423929945649661e-10
3.029132500387277e-10
2.987907699036896e-10
2.478727223476085e-10
3.6810332559866765e-10
2.2881263550544872e-10
3.099337453349449e-10
3.1096036856581577e-10
2.3080537481234842e-10
3.837147266594343e-10
2.3746904442845107e-10
2.936767495853587e-10
3.135788295693942e-10
2.214196603844698e-10
4.0352066132953723e-10
2.3679735949855285e-10
2.876794358286361e-10
3.1385438692410617e-10
2.2470680871577997e-10
4.0612679885754233e-10
2.43560283053057e-10
2.6737267955212474e-10
3.266920067801493e-10
2.309366031738591e-10
4.0731296113705184e-10
2.322738668070201e-10
2.722096992258116e-10
3.3860059200918613e-10
2.1976953590296944e-10
4.072869819182756e-10
2.311519864406364e-10
2.814266597539472e-10
3.2403491001531393e-10
2.3787227743099493e-10
3.965602290989523e-10
2.258745412930807e-10
2.756851413820982e-10
3.336784182295105e-10
2.32819208356716e-10
3.8437797389434536e-10
2.340337923456559e-10
2.748093974602739e-10
3.468528797512249e-10
2.190108094879406e-10
3.7608660630183977e-10
2.5477686627084495e-10
2.650657471292561e-10
3.375779655812039e-10
2.2903667851181808e-10
3.728092279331463e-10
2.5447799423261586e-10
2.7297586413510544e-10
3.250283375777485e-10
2.3134760773757534e-10
3.545922444558869e-10
2.794703357622552e-10
2.5481061705079355e-10
3.3001446020364256e-10
2.392641640369675e-10
3.2905123070747777e-10
3.000923953777601e-10
2.5157953498222696e-10
3.279695404145855e-10
2.3930901704716234e-10
3.1395064326034117e-10
3.139235538185403e-10
2.519046082838372e-10
3.311136920203239e-10
2.409793475877109e-10
3.086008115715799e-10
3.158858730145653e-10
2.504529916791398e-10
3.3567426616087914e-10
2.3004143034910385e-10
3.1203029049464703e-10
3.15165449293886e-10
2.484236150124275e-10
3.41137784687362e-10
2.4076152183027943e-10
3.020407257636748e-10
3.1925506682739524e-10
2.5357671518122515e-10
3.2303071328954047e-10
2.483312444567787e-10
2.9522073674570493e-10
3.133314718795077e-10
2.5563939853867623e-10
3.2300495611536917e-10
2.510036622993539e-10
2.9779900767579193e-10
3.2541125349894173e-10
2.4508894913566337e-10
3.307563112286971e-10
2.486492123310313e-10
2.9660207623294355e-10
3.209644772184106e-10
2.531596043908735e-10
3.2980151942751945e-10
2.3227053613794624e-10
3.1330416039310194e-10
3.2203151256737783e-10
2.45125586495476e-10
3.3185354464393413e-10
2.320381664588922e-10
3.084567046229836e-10
3.2340696787258594e-10
2.4948731969232085e-10
3.388805902559966e-10
2.303759405464234e-10
3.24692162045892e-10
2.9987790028940253e-10
2.5487167931714794e-10
3.2690183893180347e-10
2.420559308546899e-10
3.112088364787269e-10
3.1172220360531355e-10
2.5308233286835957e-10
3.282324412268167e-10
2.503968143940938e-10
2.967017742605549e-10
3.151163774361976e-10
2.4438995271935937e-10
3.471204435001596e-10
2.423929945649661e-10
3.029132500387277e-10
2.987907699036896e-10
2.478727223476085e-10
3.6810332559866765e-10
2.2881263550544872e-10
3.099337453349449e-10
3.1096036856581577e-10
2.3080537481234842e-10
3.837147266594343e-10
2.3746904442845107e-10
2.936767495853587e-10
3.135788295693942e-10
2.214196603844698e-10
4.0352066132953723e-10
2.3679735949855285e-10
2.876794358286361e-10
3.1385438692410617e-10
2.2470680871577997e-10
4.0612679885754233e-10
2.43560283053057e-10
2.6737267955212474e-10
3.266920067801493e-10
2.309366031738591e-10
4.0731296113705184e-10
2.322738668070201e-10
2.722096992258116e-10
3.3860059200918613e-10
2.1976953590296944e-10
4.072869819182756e-10
2.311519864406364e-10
2.814266597539472e-10
3.2403491001531393e-10
2.3787227743099493e-10
3.965602290989523e-10
2.258745412930807e-10
2.756851413820982e-10
3.336784182295105e-10
2.32819208356716e-10
3.8437797389434536e-10
2.340337923456559e-10
2.748093974602739e-10
3.468528797512249e-10
2.190108094879406e-10
3.7608660630183977e-10
2.5477686627084495e-10
2.650657471292561e-10
3.375779655812039e-10
2.2903667851181808e-10
3.728092279331463e-10
2.5447799423261586e-10
2.7297586413510544e-10
3.250283375777485e-10
2.3134760773757534e-10
3.545922444558869e-10
2.794703357622552e-10
2.5481061705079355e-10
3.3001446020364256e-10
2.392641640369675e-10
3.2905123070747777e-10
3.000923953777601e-10
2.5157953498222696e-10
3.279695404145855e-10
2.3930901704716234e-10
3.1395064326034117e-10
3.139235538185403e-10
2.519046082838372e-10
3.311136920203239e-10
2.409793475877109e-10
3.086008115715799e-10
3.158858730145653e-10
2.504529916791398e-10
3.3567426616087914e-10
2.3004143034910385e-10
3.1203029049464703e-10
3.15165449293886e-10
2.484236150124275e-10
3.41137784687362e-10
2.4076152183027943e-10
3.020407257636748e-10
3.1925506682739524e-10
2.5357671518122515e-10
3.2303071328954047e-10
2.483312444567787e-10
2.9522073674570493e-10
3.133314718795077e-10
2.5563939853867623e-10
3.2300495611536917e-10
2.510036622993539e-10
2.9779900767579193e-10
3.2541125349894173e-10
2.4508894913566337e-10
3.307563112286971e-10
2.486492123310313e-10
2.9660207623294355e-10
3.209644772184106e-10
2.531596043908735e-10
3.2980151942751945e-10
2.3227053613794624e-10
3.1330416039310194e-10
3.2203151256737783e-10
2.45125586495476e-10
3.3185354464393413e-10
2.320381664588922e-10
3.084567046229836e-10
3.2340696787258594e-10
2.4948731969232085e-10
3.388805902559966e-10
2.303759405464234e-10
3.24692162045892e-10
2.9987790028940253e-10
2.5487167931714794e-10
3.2690183893180347e-10
2.420559308546899e-10
3.112088364787269e-10
3.1172220360531355e-10
2.5308233286835957e-10
3.282324412268167e-10
2.503968143940938e-10
2.967017742605549e-10
3.151163774361976e-10
2.4438995271935937e-10
3.471204435001596e-10
2.423929945649661e-10
3.029132500387277e-10
2.987907699036896e-10
2.478727223476085e-10
3.6810332559866765e-10
2.2881263550544872e-10
3.099337453349449e-10
3.1096036856581577e-10
2.3080537481234842e-10
3.837147266594343e-10
2.3746904442845107e-10
2.936767495853587e-10
3.135788295693942e-10
2.214196603844698e-10
4.0352066132953723e-10
2.3679735949855285e-10
2.876794358286361e-10
3.1385438692410617e-10
2.2470680871577997e-10
4.0612679885754233e-10
2.43560283053057e-10
2.6737267955212474e-10
3.266920067801493e-10
2.309366031738591e-10
4.0731296113705184e-10
2.322738668070201e-10
2.722096992258116e-10
3.3860059200918613e-10
2.1976953590296944e-10
4.072869819182756e-10
2.311519864406364e-10
2.814266597539472e-10
3.2403491001531393e-10
2.3787227743099493e-10
3.965602290989523e-10
2.258745412930807e-10
2.756851413820982e-10
3.336784182295105e-10
2.32819208356716e-10
3.8437797389434536e-10
2.340337923456559e-10
