0.45232685090838
0.9526016558782562
0.7243017337858685
0.3099206352789583
0.7671744102132451
0.0035633191623326566
0.7209943534926886
0.18874459895957107
0.18023783902746238
0.5560772510947136
0.939771587877977
0.29885391004724937
0.16178162271944252
0.25234746812093345
0.4423001164394976
0.5635317776536949
0.17198661631202838
0.6415852721287394
0.0878814876293601
0.13805212013167978
0.6496671753026299
0.5237762406829399
0.17245393193204006
0.433396442345822
0.2608181125713467
0.5775716015170766
0.26506695565065796
0.47364546392943463
0.032340617063246424
0.519311118331515
0.9131579917288032
0.7432497899021797
0.6500686763741272
0.6781448819276119
0.17362772566312223
0.6255695757715442
0.3195690000056567
0.27910840161319805
0.3354556363038842
0.07697615926862489
0.7922682964673445
0.5615241569047172
0.6627322941379389
0.8285759574828473
0.9877439445428685
0.22811021076332838
0.44900325042977807
0.39391181640230344
0.11363993791127114
0.684937644057395
0.13471399260648664
0.7386147541436034
0.8698516933207272
0.06635203595710948
0.6883346643965986
0.42214427903316576
0.5580980744802957
0.39424874098553464
0.4382743904539631
0.026935776270499145
0.059030960111618125
0.41992213113145294
0.3908204181852115
0.6324333787721039
0.5743525324113514
0.24818341390056275
0.8240808321841249
0.7495865526918236
0.5690891504556388
0.502780431373993
0.382258059032094
0.4524676173181038
0.9997156159194337
0.8941816222585669
0.30030869216225886
0.9308014400097592
0.8577379577924065
0.3029786968997912
0.3721965156852778
0.634232766924107
0.8582779512347412
0.8715246024972764
0.27375222134615307
0.8278646824402431
0.5935360229674116
0.8883377586524351
0.9398897436171859
0.1437713994457528
0.20845179900891864
0.30951934755866783
0.9866074887617265
0.7692944310895214
0.319673667905508
0.6329235323809992
0.09195466698560206
0.09381054911045805
0.7719958824270597
0.7693524899565122
0.8338292636893503
0.18285296062264722
0.7839909810455193
0.9988177664402291
0.7457125043658137
0.1648160245268928
0.23009061386824914
0.09261466496779425
0.10649269802520522
0.9692248190884352
0.40791160327486786
0.36164778956887556
0.7482333753153954
0.4554583522040483
0.20809877804982124
0.48001868196229813
0.15783169530222296
0.5912013853789948
0.5554147336364453
0.19483569295486192
0.7569349676374872
0.5095449821947237
0.3551845007256915
0.1369664306363313
0.8984488405025028
0.7997968683621828
0.03259302029219702
0.07920261616982027
0.9369072492666692
0.7359930285167048
0.3365135695851619
0.0149636780954161
0.6010865024887325
0.40782597522719377
0.4484034709271101
0.736016082921437
0.18947502694517038
0.13416467806724885
0.8061247405120467
0.870942591697521
0.059190365102486986
0.056646401973823535
0.7809239102552787
0.580833023137113
0.38553093431208396
0.5556626459510036
0.2494917911252753
0.6651020130910119
0.06354284712859226
0.497839334771334
0.6630692990823134
0.3381759956426418
0.9671574233303903
0.7681238388520004
0.47835936148457536
0.07594217955617999
0.4294354054353956
0.7396243912571434
0.6952276431060483
0.9630935956067634
0.6905634046260725
0.5637816585798036
0.9317426611386646
0.15015148154429692
0.6046095572212435
0.3314388112216453
0.9017850597549171
0.6489381140404995
0.9390289714787557
0.4953683057283549
0.08715679771150509
0.31441913027171375
0.2181612483479769
0.5072084687883696
0.46068900122224576
0.2057478895301993
0.7907695858370938
0.4235168770644461
0.5355310163326988
0.3974826358832704
0.11778395429580579
0.5980776865623988
0.808011269999252
0.1951350506211017
0.08802605736186053
0.8117032242295597
0.7104212173025888
0.8541263903594791
0.30467876447851094
0.6360370996752461
0.12121416364806947
0.8034962411399064
0.3165759548688607
0.980169481022356
0.9632607140991745
0.09966118159745985
0.8889995859263408
0.530039125113056
0.6383590016568511
0.16199960632997534
0.4313667476146107
0.6541216639243637
0.11536701561629448
0.7842184154911773
0.061498198363239
0.6346309538937429
0.7160390892452988
0.9046216920488743
0.1114803924791441
0.6384360790625506
0.31065768509111047
0.782169938416096
0.4192024202271214
0.18634370809954115
0.003735795924497687
0.5064357708478566
0.39903218050934086
0.14174141434932597
0.37598487999241614
0.1869076323928186
0.28703937519642
0.9329737264774142
0.7190930137539789
0.038589494130679136
0.9149970335870393
0.5441440451890566
0.06398270844899545
0.037152590383148554
0.4803778222715873
0.07437180901027862
0.6431004036256915
0.9823061690081162
0.40326124129576413
0.26620184802853597
0.9884987767052684
0.9339274333029471
0.9765755752423189
0.04663234208799971
0.4523570531498543
0.8891335763299678
0.0033771022326655187
0.5087292798531929
0.2562792309096893
0.08324341843800553
0.7219389604384256
0.4921562912211662
0.3224223172937284
0.8945058861232051
0.06943507153081141
0.7625367416836134
0.1713460023494009
0.7531936607370937
0.2478819908044022
0.17076957532100556
0.04305798727777277
0.17304048289678353
0.36432961404177056
0.6319154798787654
0.454528635132758
0.77699351969973
0.7423570202416877
0.961829979358432
0.26733782226408365
0.7591813919372372
0.6141177212814988
0.5253266871922668
0.772610999107568
0.5402608137319507
0.37363513086119127
0.4960715985043551
0.13617487800660422
0.496902189729851
0.32859286132311627
0.5199582927924186
0.2894999907072453
0.4093259352655152
0.13221696488067447
0.0530719621445096
0.34180787023402937
0.5063230780377321
0.39605562095823144
0.33847621456044097
0.18675839321123955
0.13189655931898892
0.781473144585214
0.4451219469602339
0.8595622881279543
0.7958696779472094
0.9344973903375534
0.1732236508897096
0.1350511313808611
0.6716559091094548
0.9984055583886778
0.3008724016410307
0.9288072519321243
0.9816264906808928
0.4865800204424706
0.8191918628873548
0.9600781223809772
0.6851106394770524
0.3830193568364809
0.749724649981139
0.00838132325790275
0.9379087084238464
0.8664325800349875
0.31729192398567097
0.7815355797041006
0.8602259941919654
0.6381548355372554
0.5311194464935882
0.01052790596797637
0.1878731311896823
0.024471374406131896
0.8222813174313147
0.5308593751596101
0.9536221254072769
0.7068532923307556
0.7440466303203406
0.4024239126532162
0.8646207498170451
0.06728916783523364
0.4511899962014547
0.47498636435002006
0.941865384327503
0.056000988175995636
0.9868409214177162
0.412226321038731
0.45042335016357493
0.013320721107605182
0.7705271753660383
0.36934456070884747
0.9233855126195146
0.47843921725070904
0.5563415783573329
0.9271936407959204
0.7373243116859263
0.8918998595569774
0.11813712580785629
0.9766920799712367
0.5881509111385421
0.00892764903587584
0.4567487254090974
0.6879719446610426
0.9929742296487598
0.15639576879857942
0.7171947278972128
0.34600495414463583
0.9035977507609718
0.12345155146860931
0.11440142776649254
0.23302842466572105
0.4699133502323286
0.5106156608467558
0.7369994520733576
0.7654340766776506
0.3704761212628668
0.221705473108333
0.798423046559671
0.38470704675653544
0.2475091212426136
0.38050766788849366
0.5054167523937206
0.6878521953596277
0.1960678968998083
0.03284037378897675
0.09293927771061328
0.2062929646098156
0.7955380199815973
0.9143081292310069
0.9148665308824389
0.7701373321492705
0.1989902684915119
0.9482244217713804
0.8536506860735634
0.45167621097285027
0.7691706678404908
0.06146305915605477
0.3948633266965268
0.1447638147982565
0.21478255640306154
0.43221787819718505
0.7836438570674517
0.30851508074001954
0.8985329310386043
0.0689900930431292
0.012884154652783364
0.3242813199075316
0.23878914334977364
0.9971702635967176
0.25593401421762385
0.25180612952877823
0.30636580563895766
0.8998605902331419
0.23614044479311613
0.18972155647142108
0.11844674552226564
0.8398889957904292
0.4432202989764986
0.8508948728837743
0.75966084639705
0.6779824562347013
0.6405695001841445
0.6055884364601672
0.09663198824230967
0.7571933622135885
0.9537823794472196
0.4355758274655782
0.11744461307129084
0.6277985368525085
0.9532633436386924
0.37202485280982833
0.9371085894940555
0.973465260237151
0.7418800299011157
0.9242012795990775
0.4248128959470773
0.2276285060045361
0.5102570685379604
0.20801676267434
0.2282117123900953
0.9353663145943197
0.3803195457305514
0.42917431185602306
0.26552047998484674
0.9014380888536472
0.3209978811702173
0.8890249837764945
0.48901862492232717
0.5527391744800778
0.9710503826901818
0.5342269409941552
0.8122011469041831
0.41914809879259307
0.5987031963837796
0.9861132184866577
0.05896326630162574
0.04367093648758591
0.8891165698752612
0.6188725152287642
0.43629721021558154
0.6049153932981486
0.9105278052044167
0.44069870355668384
0.01994839204600707
0.3620298921685827
0.013407390085861892
0.4556152277742648
0.032487808669000806
0.7283183904549435
0.9122583189154417
0.2257746999472272
0.5021762078617305
0.07614802358342398
0.4533455447999287
0.9987491649518333
0.6436723131971446
0.13393136377225223
0.18541966960481115
0.3351012181213425
0.6700296080645012
0.26059937382042564
0.568427997163029
0.24872741387988395
0.6483468609510614
0.20773300830361519
0.8452242443671198
0.1235749918644693
0.6332803812877434
0.33150063109904593
0.0026455169053524186
0.41939094441924174
0.1610520675327105
0.13267095821276165
0.6188611939517528
0.3621414978455544
0.39075812397179666
0.9965008269280363
0.017872038333032192
0.7685763862021279
0.5726161875085192
0.10803724395661274
0.2235502166908565
0.010614479825897583
0.9542966614314883
0.10388682491013956
0.1160882085337005
0.7041386985036214
0.7718407885951278
0.9321537277102572
0.4295191168219128
0.5664618376462338
0.17538749358541306
0.8593271822853646
0.6310834479802832
0.9598574564303438
0.8119061936668086
0.1772675736128213
0.42945211993458243
0.7238441761248675
0.2491933259587914
0.042786314781018686
0.8714996954276664
0.44149038135770735
0.14524972154540805
0.10885142694007355
0.06782618480064861
0.30828722528187646
0.6206704392470122
0.3544362266803177
0.9821203141774094
0.6991419386276239
0.46872510918336086
0.4099210631078346
0.17676162060456302
0.3312005144605128
0.9226891372996148
0.12221573926985096
0.01590065227660653
0.4529403933435986
0.7887261329184702
0.18027927001911126
0.3980947403313736
0.546951096115242
0.2753122743450337
0.1515812839510816
0.9261198067464617
0.09013517299746554
0.9894880599544571
0.30287109152819436
0.38892579538034777
0.4254798152257129
0.24534676304367398
0.8381382428262532
0.5432190314894466
0.13062365674763876
0.7255333591471814
0.4848751763431697
0.5095672506186735
0.5930489952122905
0.10515338774134364
0.23741479818873445
0.5570687878740497
0.377168628025653
0.8276420130166429
0.28082984116272347
0.3774243752048825
0.15587927121403666
0.04003311991919334
0.9423912532535991
0.38849936130986606
0.7134326773760233
0.23470929932855933
0.819516263048307
0.860292235527138
0.39510891149864547
0.4946215649490844
0.6890659116084947
0.040109008617519426
0.11978846214824712
0.8893267873055
0.9396397451557436
0.3197926286986552
0.818029410293981
0.8918154420138875
0.5219436580667638
0.5676642505228304
0.935572343708465
0.07930007005522977
0.7722902752606392
0.3823274862684196
0.045492286345221844
0.13183393651725894
0.06359070167983705
0.3482101613306936
0.37602578188775315
0.6552335010476201
0.7838113054303998
0.8458880196002664
0.8179424698621846
0.32337640301193826
0.15587277890088913
0.04835455015614698
0.47339115216694583
0.6664695045216218
0.2567800188775653
0.03769106822262158
0.5872453220986245
0.9233609133811003
0.6412004071020199
0.7431542858279279
0.4738844037026959
0.3954447356033901
0.8963334868236732
0.3784564344701147
0.06147727007358117
0.18218360741574358
0.9029722274767581
0.12359435664085072
0.9518764250625222
0.16417456500760708
0.828981972870926
0.37334773390216935
0.790652134698251
0.2463911799123114
0.7714029152923694
0.9242185614954823
0.7554784503579803
0.3252069200364246
0.25009136989789493
0.8438993012642944
0.7999249248888864
0.6377499916217098
0.0980467784675575
0.20892146160953484
0.954626931664075
0.6368893648074758
0.10984386263552781
0.5430737633995257
0.16885438573336786
0.8766828022826547
0.4068139950431763
0.7926505234699296
0.7174556359858626
0.7335535815380535
0.6325749875568876
0.05441565380981883
0.7181497488999921
0.8060450513424603
0.4376429663502318
0.25636650107524295
0.67027778247412
0.8267987658406991
0.3801786969864789
0.7249157132818655
0.9637743417854758
0.6976093282929012
0.2573577974466803
0.9483452513602139
0.8968161401683193
0.6017787596642168
0.5503747502867926
0.16397939758736246
0.47449719002961444
0.34619912916377116
0.9747955230092028
0.6404040871804317
0.9310478857302692
0.42557584058017384
0.2282154547307762
0.4799968168670854
0.5597569111040617
0.5392640666003792
0.6697360569432858
0.4387699212558269
0.5049154010600289
0.35471054102626165
0.34860265066881957
0.8246248342571739
0.11529827376917401
0.1566330879241784
0.5279929739955208
0.3563458082373089
0.6733396285360889
0.791261151854453
0.3608081704636158
0.6427197990014712
0.16711488717616607
0.17070398499324546
0.8153018526107276
0.12873324785548257
0.21605383760489438
0.016764448415328537
0.7914897019717914
0.08361729781829119
0.6644085132834239
0.2824447164667182
0.48052304082793507
0.5257411734193562
0.4851790105972754
0.25491279855120985
0.6137375876613537
0.21484816746376445
0.8158140404250709
0.7382285598935079
0.0016498049222233302
0.2000532773923085
0.18776507905702744
0.3794432150307079
0.9010745524726943
0.5938344185543598
0.5094083359860101
0.27981146572300286
0.1555464513628273
0.991702448604991
0.7527281614459312
0.4165166570019522
0.7824531923975462
0.1685504700445113
0.9779181044708734
0.38973955874473754
0.037569255576576754
0.668801057932381
0.4708328730792889
0.36800110764620586
0.24634457282864475
0.8672658563507976
0.9445091800572307
0.18115917162653938
0.7292634329223164
0.5764245612649048
0.5725152883102941
0.7900178926846817
0.07013248882364709
0.6830388176899254
0.25800119260179577
0.8104739553624623
0.7621160427965267
0.8625176669111455
0.6571784119975206
0.8929965858898778
0.2954325023847165
0.024773976289985566
0.6410457784587279
0.19901370628073467
0.5346706894343237
0.08563116025796946
0.22772694571955154
0.8606217639408347
0.9928704675858535
0.9437007694651427
0.36896818349976734
0.5436219735180327
0.7432800477725938
0.35917387289475655
0.26366161727893156
0.4984079326586486
0.8618375705682052
0.7972044557011303
0.8861932331615877
0.6351932518785663
0.46219450002483176
0.012965085621342576
0.6801418501988172
0.4421640389661934
0.11243206653280335
0.06849687958934703
0.23641203478833817
0.21008987664113743
0.4779741699423026
0.9837601230042772
0.1967281732161167
0.06466236546368553
0.9585153775098594
0.19255180137886885
0.3447612991947627
0.28251843572170565
0.38443425654847363
0.8206344641215295
0.4468022151973413
0.7168989643930009
0.4809420426358404
0.5993434463629352
0.4306514767086811
0.6839006707795402
0.4427975461424076
0.6906483592579515
0.9702726501651769
0.161385989249476
0.6255616513978655
0.24274784904156177
0.9296309681157529
0.7199764550759122
0.4607490635323933
0.2708931075032287
0.295205511077544
0.24089654108462688
0.6346634666569898
0.5452922751241727
0.3850533008826359
0.13438320815386828
0.3659159235155549
0.058669847214764315
0.799000258963152
0.7391061631818259
0.7980585565447551
0.010867200277786981
0.16866837688372227
0.32150106650369137
0.6502932041196197
0.46137437253754965
0.0019260255593138709
0.6630476530708178
0.4693158669685874
0.48382216060320615
0.602115420533075
0.4145678445965628
0.18291695748460546
0.502982739802106
0.7094170363459298
0.13541368856613067
0.17076698672733315
0.22134360966169975
0.36498224527346457
0.896712189954312
0.6140973050108802
0.28967614254895124
0.3006032632267305
0.4740170898680425
0.5244212580438978
0.2277388840848238
0.02396882601182382
0.19838051493414477
0.2689315407280012
0.20870393265005271
0.35998979550261845
0.36393910514774686
0.9456967678198102
0.7490678869314841
0.6094918743521013
0.7066949400530682
0.4769844141678473
0.9348369317841179
0.6305213333590807
0.7708354038118415
0.5096528305774279
0.48782096395904373
0.5756901352683268
0.4939423239225941
0.2093067572576821
0.08517389036752498
0.6380584765153546
0.8175440306377467
0.03188479146220957
0.9843113099478606
0.9674392371961421
0.7636720214110236
0.13283204022406903
0.46516413734473205
0.8090479491547843
0.3359880875697122
0.8514906444170123
0.12359516610185473
0.6898964367923971
0.7057068311099661
0.14332873355560838
0.723307209046471
0.055828450458872636
0.09599233684514863
0.6446132327454923
0.29884974439841716
0.45205169501073494
0.26952716888983663
0.9628663725079598
0.4040768283708045
0.5904541207655556
0.556555083541519
0.9018325153090534
0.8188197339685962
0.3080236082792094
0.7450895620045641
0.05775217410978439
0.6125925664828482
0.6810865674025077
0.38330872919805237
0.1227669717828832
0.5150692577317026
0.8063042497056574
0.7603668794801551
0.821533038785214
0.2622790537785984
0.14540721495020614
0.8501071470346907
0.7123131354034762
0.6515093554334794
0.49493976410166063
0.6842840422161087
0.6749528986685313
0.016836630328437296
0.6068656509912591
0.2964954520452945
0.8885848741506063
0.8821049674276891
0.674698482065986
0.15455498445132532
0.20091937331486043
0.12527474552475937
0.7170442976546836
0.9708259609564626
0.7635333109698378
0.6851426696597616
0.6468230090769909
0.6644725704882888
0.1709276278882249
0.602451658707897
0.4560412013875823
0.029461448882548535
0.7643612759925208
0.5302517871707321
0.3438334712806549
0.7194973371960295
0.018609089684548663
0.4243073386140208
0.7084669452784351
0.19817161054430577
0.7963596375228434
0.028131376174346467
0.13174205862154553
0.8032211566518532
0.756165571488451
0.9886274006805282
0.35959875578913914
0.28195828597313344
0.9736202051462846
0.268615969217476
0.6074777575291157
0.11784530203734145
0.004952561010735379
0.30545149492915136
0.4943662600198304
0.24469960103757382
0.16388219278089644
0.2997404849990941
0.706477200489168
0.951087089040706
0.6212290228247909
0.9289399065825864
0.7487380359102953
0.982153230609735
0.4448658331281863
0.8440314853800034
0.5781631365049897
0.7988450535991425
0.4513966089002357
0.07362965313223746
0.40887820804576824
0.07918175619800871
0.8474661972529621
0.9989853844302823
0.9261942526604635
0.26500687891485164
0.9126984718020619
0.5706504578264817
0.6172185091947879
0.23233816270873386
0.1783562654384646
0.9548465154275922
0.4197391486086992
0.308575793660553
0.5668163269222596
0.47915973537567647
0.59728736567246
0.10260279282458362
0.8873951125413622
0.12269828483847811
0.4334249332696162
0.514711652065818
0.6707348419225825
0.7539671847523781
0.10599689912190535
0.2841783609104871
0.9641693319964181
0.17238943497862924
0.8877754083203855
0.9219598699278899
0.49422864291817425
0.31993860932056783
0.5144021191838326
0.483293955299844
0.597075442130549
0.1969847509618975
0.2357559599955643
0.1359241505041976
0.07203172195196217
0.018121160280375803
0.9748740829842238
0.9497181187279692
0.5850267915646097
0.09569513053869705
0.2502657595960279
0.9333011201426803
0.6567065641197822
0.09469529272643684
0.8461084785707618
0.1713101404435602
0.2891594541965333
0.6920489791224664
0.346972074603063
0.9969092207892503
0.06952997245155379
0.7148679987833374
0.5088627491712177
0.5102096221489032
0.3522279739070232
0.3669994084852698
0.8512003070881222
0.8805577761661051
0.21675337335781475
0.09597999864588802
0.26170980866819926
0.8829290233454978
0.8500829796674588
0.008040205724168081
