0.49503462947459775
0.9264351978805836
0.6768937308371925
0.3883859225608219
0.4610229385982586
0.12373909781230631
0.12695374294927259
0.062439691910326375
0.05819202839601591
0.4147106099247515
0.7953706428652588
0.8976107687102849
0.3210627884231098
0.9202848382337533
0.3100112049212875
0.8733095580400991
0.026061868721835992
0.9403527716912393
0.40201402787854756
0.637564254743389
0.4306415514612433
0.5961401118126531
0.6698081442897669
0.46096507017817023
0.08454186651056392
0.1496214925301241
0.25165850033825793
0.8295582024927934
0.025832470795575352
0.2062800742387099
0.8244213754064208
0.916197862911457
0.9067652407721396
0.18243645270996584
0.2864251092755927
0.4020678044837438
0.7183994642492759
0.28806288556278015
0.6978050237733904
0.3312370205395738
0.2843231602638643
0.6837761085751901
0.5158893213417277
0.5762246722209319
0.7271234400886584
0.24707737169176489
0.9828071463781582
0.7364068609978791
0.1849088389033914
0.28927396944191824
0.16827623467110012
0.7427005834094662
0.5158893213417277
0.6172368842672912
0.8266452053500656
0.48705309745818637
0.8740705013157152
0.6318449453526618
0.1666068085598034
0.27314892318457396
0.762923886688371
0.8481839561575436
0.8555643989052949
0.08760782407336865
0.6946663240568546
0.48610381876589137
0.9242287047106651
0.7641181930224576
0.7603508724319069
0.15995648604433674
0.5562080008138903
0.04355582484715327
0.9980458859774127
0.9787642849923704
0.8353286136373954
0.6453802412293841
0.7896760027299636
0.26476880422478094
0.924598843283675
0.2744809492355731
0.5027095794568557
0.9219878747799539
0.00052800028065907
0.8977401747653049
0.2899242658325729
0.8992868789941589
0.8955295665074369
0.014482711463680105
0.27248469149039206
0.37447175737520955
0.9536095946995219
0.849672022319312
0.25060465727578585
0.29367285386789815
0.7797290348478924
0.19894725851066197
0.6340055065611511
0.5339863017429016
0.7492633157045051
0.10370217509000691
0.7370805581286645
0.971037383202328
0.7647743911619771
0.23953300681819464
0.38011466343955874
0.1121336609974898
0.35665694131189646
0.9163539996166035
0.6797368239893273
0.20255418813663803
0.653954764215571
0.765608858909619
0.5967090473199981
0.14762311306059311
0.024571200775386586
0.7632226100294692
0.32678289793561566
0.23519566181580748
0.5556476597674498
0.541444990708696
0.109069051193903
0.3485222182082092
0.3326193715100991
0.9588745900705195
0.31467549075725726
0.04908042300409914
0.38565183721681584
0.8572228973269534
0.9005670685495814
0.004107632759287372
0.19172971715396395
0.5089805960512467
0.7430052578298529
0.6699347802521939
0.6796105146145408
0.5287058732171237
0.5861036429564388
0.9608718841987882
0.09109033296790825
0.5982898517949071
0.3929331071636774
0.7290961295805439
0.44763648681915524
0.8844610047290173
0.2676226239867736
0.4363619667756175
0.3791273047370438
0.505238388563824
0.7001248634637701
0.5426191780874161
0.891617757634001
0.8053144547854872
0.5834575859814265
0.4099093864859547
0.385022547672312
0.5553364264008105
0.6049989681073196
0.900183847532884
0.6945406886527028
0.44757946034791884
0.9488743728619915
0.44666754024860633
0.8592723056354052
0.6568747625592268
0.8291278022335705
0.715729216055982
0.7946829821168144
0.49820663566798684
0.18183014446812756
0.6123514667300443
0.4591729022490244
0.31472145806138835
0.618125491047167
0.16640965196764068
0.3354916697804927
0.5576406843848911
0.04806054123526555
0.8699566524219627
0.7348743902620007
0.7121830227862282
0.7773241787828074
0.373956664248486
0.06281204853389408
0.9339193679269256
0.7234172977636126
0.9405479810325967
0.39224371687707854
0.8980418151564722
0.06373342846571606
0.7726696794727062
0.289490618508911
0.9609995468361014
0.8010724954998842
0.2994490969801084
0.4222476853438381
0.2847083949117849
0.7097525425066424
0.44217890885780886
0.2359019263923763
0.09176413941864793
0.6434105495869473
0.8798982096342292
0.5956976639650516
0.19842692033502882
0.6235860260861299
0.8833164227134088
0.4555412914972403
0.9757230723723279
0.2670091834493984
0.18610891247709807
0.3494091160128072
0.8143718964553561
0.03153280319127546
0.3270659873997218
0.9330204588532701
0.5118851891616681
0.8483895582661406
0.31693334189070244
0.8417552593106061
0.6357848667650083
0.7703028169664209
0.3662323367035505
0.2092794712968095
0.16176297838581555
0.3688299456093966
0.04756258415055494
0.9137983220666942
0.6481755533747889
0.6385810460834336
0.639597827445289
0.7512002767656203
0.17960105827934478
0.9635253901655044
0.11053245328564401
0.3162409807463016
0.10276511875406745
0.3391052470620272
0.9907330407124724
0.04530367613616324
0.23482459748113835
0.5668828077654644
0.012365172839790573
0.35074221350394674
0.6446813401829607
0.64048749747777
0.9851347487089903
0.01336997796535067
0.3235861594820798
0.03772987197579079
0.5838354538464239
0.11659938882266695
0.708380071635015
0.1280561224327657
0.6855416245998553
0.3756581366351225
0.6809996513597186
0.1643929272764976
0.8582241590906277
0.6417584228916939
0.7031932350094205
0.10600078664923357
0.5585132408321762
0.35780747496144144
0.3123373105709086
0.3194344735596248
0.307244870284149
0.16151564553231118
0.20248814500952356
0.3865443931254657
0.45410412340807715
0.6911460939597656
0.3944735671746533
0.5211852755983453
0.9483953251066837
0.574340965509087
0.17313461648514725
0.884186778600528
0.580184757131216
0.7249626689680764
0.18319665023673443
0.1495699697443278
0.2498261840352662
0.4406501884121261
0.3391536019762193
0.8652473537016546
0.492288457343832
0.9923337200119717
0.13583783695745147
0.8171924751848699
0.12139038257424228
0.9866052421210815
0.7883461285204261
0.4405370593660326
0.9565470948956225
0.5069874214175474
0.6827667749895261
0.6813152814716552
0.0033996762280794133
0.3005159998768597
0.28599523260847537
0.12380489329056064
0.7532543802925519
0.7420300183735804
0.42235827305277146
0.556083467174239
0.41460114064476705
0.2824877961119642
0.11880461229299567
0.06331973331423824
0.2923176490137101
0.28475122202669534
0.9139171402264621
0.5283994215068917
0.8063842793481965
0.30869390581992556
0.6835868840337587
0.6529388765276114
0.45732650162221866
0.46624544082215325
0.0740580037057881
0.23564153420051573
0.7755598288661701
0.3041365891783692
0.8763881872441257
0.5342323316475848
0.2865111404599404
0.22576588900448696
0.6968011034228607
0.9392727821643494
0.9216488009094265
0.055292779046382655
0.30238953120528267
0.6550974972680477
0.8175233114575231
0.8125388242797421
0.26827810817818804
0.9864613752463581
0.3185992623729765
0.1776318127346667
0.0935194664951583
0.43417000571104664
0.9423847593911754
0.42546118165805075
0.9180230228010443
0.7482935161479201
0.4256832933538881
0.48628174686735015
0.4385033291985727
0.1869434261166657
0.8997999096300799
0.31206302419622334
0.837499413473135
0.9453436820217982
0.9574656427908662
0.18527742164707087
0.19487904930413436
0.1833489984212246
0.8371824266499949
0.5071081324525601
0.5783611517791681
0.39681762541408055
0.2623406949786198
0.013553962466450195
0.464443389852212
0.7711319819848396
0.6362297126009017
0.5439178808101508
0.3176267457599754
0.5060221416488149
0.039465821365537126
0.9015431473474541
0.9349142229699415
0.6917750709702823
0.7209413883092295
0.35916113024399715
0.5160108423968037
0.7839338410174281
0.5700763692075175
0.7855625884471932
0.6263808636791006
0.1383506390901213
0.9655020686329108
0.2800258113024603
0.22415164544358898
0.005096809160389709
0.28393830249378
0.979800844762167
0.5387288916849156
0.7306353396248209
0.4973080433323115
0.20090825634278617
0.3643550236604053
0.6528753798167762
0.5768528729949485
0.8530364296743693
0.06079451684987662
0.6784103391053946
0.31841386363199503
0.5315894914882808
0.6409958727303346
0.3428419376932616
0.12303914574520894
0.2536975351006527
0.8218047905793613
0.24172452053272514
0.27194587738652487
0.5900137630851943
0.97638567287839
0.10869604129418461
0.9287507324720807
0.9758755381631758
0.6732259915826474
0.8013562236633133
0.019464846060322057
0.017681043983314743
0.5895089710408714
0.7939371989627906
0.466711026217169
0.806890351392599
0.3435242413730771
0.27460607028288364
0.7129301956653408
0.27144920597361816
0.2975000728538196
0.2750234421142343
0.9143915785784678
0.15886982624209994
0.8926793545978154
0.9698727151987041
0.44268909268558165
0.9482451010088343
0.5348475703785651
0.5737761194253865
0.02327603973101044
0.4757748081628008
0.6587785046496091
0.1177290494056617
0.04202846435006381
0.6474132466277791
0.41132463581261336
0.16652228925822968
0.1589511121192614
0.19671108133749782
0.05150067467147601
0.6509067780825135
0.1379652083658522
0.27427250697120026
0.8388176242592075
0.4747180856480291
0.7692948793333129
0.5042744334836218
0.39954482795010837
0.998157770371176
0.20311624830547947
0.019497460757919673
0.26582614956469036
0.04992422277310679
0.36137408286366474
0.19195104163203247
0.9131632179591674
0.43231984903493426
0.1991100879642089
0.5532835028193215
0.4853331267209118
0.4564046724682793
0.4006173039642998
0.9255567333011975
0.04270957356944684
0.7643568658046304
0.28608117070868316
0.6379455522239945
0.5413214382259086
0.19475100208864726
0.1400720163960483
0.9203989696694723
0.35356735180251725
0.5191741232574187
0.6508432685392367
0.43540577787667617
0.37488414790132757
0.1353162858741517
0.6272702511291355
0.1230827928845461
0.5989856007438346
0.910962025699263
0.9477022378692133
0.9932375916242256
0.5942442679575586
0.541197894577881
0.5475096832795008
0.3837658334274055
0.8138170783418335
0.9979328454222665
0.4079543951067666
0.49163272351651655
0.3957511287763475
0.5080138254910809
0.1863867475308669
0.44587038904723864
0.43951957951703013
0.5510463986953269
0.44661057674306537
0.34182015703668456
0.5120063521060549
0.8614577905151124
0.1268865150689008
0.2310288281388856
0.8513071278208314
0.8173579197111458
0.2522845755006967
0.7685826764896674
0.005960046152562223
0.6537008030097957
0.881889952763824
0.21715568034788674
0.034377588155891474
0.5854734235627959
0.3723626684029776
0.09005456327035934
0.304765464266371
0.29380424021203155
0.8333601684621625
0.19002926622531108
0.3924557603348065
0.392773953251568
0.7622663528456954
0.4962904525999138
0.22670267532831131
0.7949695956694378
0.3784007837232205
0.9267995950904417
0.36980062696924376
0.14426739520942417
0.9082839515946657
0.36577513291301367
0.12541519782196708
0.6760719647685083
0.19687244299202855
0.3843938795196246
0.9488743728619915
0.002201629283766628
0.9323594032621115
0.05373597102700013
0.5945601759404096
0.018918196506914554
0.4017989632416587
0.24006059631243942
0.8710145745608853
0.3464585034616567
0.2688526289041518
0.4474084031266242
0.5728977178387595
0.6388352426310433
0.10812884965349169
0.4092028022326007
0.1709356973679059
0.24607652133120284
0.8981709579171455
0.9583727035675521
0.5929177495654245
0.8880885837985616
0.5893827848342175
0.8187345663004739
0.5795557934026232
0.9891956587692513
0.025805919486888457
0.5309141236093302
0.01667825985111908
0.03038191294929804
0.843944567250601
0.4677593997772076
0.7083176625449377
0.41241517241981446
0.7864336188689689
0.8443082803847278
0.45686547246080755
0.46310854402307855
0.8547574189158944
0.0639167158893173
0.371746773107945
0.06455580306436103
0.9293948694649067
0.3328103439005687
0.33765672620156895
0.15313385690179548
0.5764759348068795
0.5685103609879878
0.10005292273165954
0.4797765397890468
0.649445967564657
0.7332786731359293
0.4342261367341657
0.6783471602584502
0.019037523030464062
0.6016431492110368
0.4837933564500335
0.8582741447878317
0.4143275385319398
0.1207233383016662
0.022605793289978065
0.8835457541447318
0.11286074363763023
0.07215280124578861
0.3902855493466976
0.4964101241271206
0.5582015714290142
0.4352371538361393
0.7860853340543426
0.8455009651103926
0.15591315880012274
0.2424077494143146
0.1568757030801529
0.902556648031041
0.8513581075964983
0.43720658248206384
0.7620271332889936
0.6159041645654513
0.47091117807553684
0.00837477003913875
0.984669658174949
0.09974334772839813
0.7276168725040494
0.2890141442012639
0.14693661434598987
0.6547166033853411
0.4331603073136188
0.46073363177326876
0.20975441532106634
0.9680953156244516
0.498746112814462
0.5866079093714116
0.6735423147010238
0.9670450835528693
0.8786398561609413
0.13997455758498886
0.5399012220877795
0.8901053845759034
0.8664680307411846
0.9265810718966939
0.18053213737896545
0.6908944598572933
0.6153965245915776
0.9038162918697301
0.6755661706413467
0.7625652901296256
0.8059903619791112
0.1545315220577581
0.8967027190781738
0.4216397379856862
0.7882882501118277
0.8879985500610372
0.10962077844081079
0.4881814139494668
0.3112411679603675
0.2021581868981007
0.06718299712009933
0.22251083709729644
0.20077704446766712
0.9463923753993877
0.14494338163486484
0.8943062658594405
0.49008429184236657
0.9143915785784678
0.35755715690300377
0.06833070196829757
0.7036312039427934
0.43058566849554764
0.17942130270917794
0.08897986159021784
0.12483961674755935
0.0331371176350374
0.6605548497394476
0.5827649520295969
0.5073495884757511
0.9437806736366645
0.14154080319513337
0.04658999438048323
0.7243447145393784
0.7456829022351854
0.20607910178103625
0.6120977757049786
0.5458367493886385
0.07890107758374826
0.008124155964883452
0.29780954194735254
0.8550602544555931
0.8914403443909271
0.26811412605083396
0.1355294416048459
0.4714959295003689
0.7743224555279272
0.7078807409095198
0.8744502094155965
0.8860092821873172
0.5651938633793292
0.6979932092930626
0.9649064327548025
0.8627917037577943
0.0586205214443521
0.6980559342968558
0.45083584987987946
0.044628691182387395
0.44666754024860644
0.974343486668291
0.055035834821730106
0.24719305286871798
0.5319579961846499
0.6880619128227684
0.034142629686393484
0.9005245238693008
0.025321907273399582
0.5549007807209694
0.7554850484025373
0.5785497451844667
0.5796186834561855
0.35916113024399715
0.7147345357196808
0.939075268869698
0.1812858706788702
0.04429467299297859
0.2267026753283114
0.5278479631154525
0.3475876415879107
0.7076934578145049
0.6119709340431343
0.4502636901369592
0.9927909895459198
0.8898374713787596
0.708629687200367
0.8758223681425701
0.29807498275327377
0.46514056254976777
0.018209255899338243
0.23694570688501404
0.3407518775771458
0.760530615357817
0.514856825907607
0.45680785992119743
0.3429880704526561
0.07289302008411348
0.4846221955115375
0.7925006279641172
0.7485966721544914
0.5883734669814471
0.242711879137966
0.1310896430693617
0.967321049589069
0.986773967571459
0.3813640979923525
0.21279366662746987
0.5436085791389866
0.01907345902551741
0.26399810424471576
0.20301697099887642
0.5224665680873571
0.9789043995174033
0.389493363753008
0.29031494651031187
0.5673834730343763
0.3644056817917532
0.47689140469845315
0.4078459409917682
0.5807509438315209
0.19693701737087346
0.7909456565720621
0.1618179839103403
0.5534078618042444
0.6479214557556083
0.2517366955922872
0.8106437288986764
0.6102588296213483
0.8130393702519452
0.5039131400282835
0.1154791051733741
0.5666950860809891
0.7207555335436544
0.5120669376986717
0.47050205375835974
0.9149434009164605
0.06293259104801845
0.7823014547150083
0.5199660568123696
0.364557682891579
0.028196515677858865
0.2724846914903918
0.41132463581261336
0.8704379958439089
0.6682882334806737
0.07876814896552548
0.6444907264406539
0.10920675619489693
0.22804099596305755
0.855060254455593
0.2650531667722589
0.36959614036048166
0.2753576737748014
0.4933025947660551
0.29367285386789815
0.4858073352911644
0.3162409807463024
0.6183159194860564
0.9088145977281246
0.8002773573746588
0.5238100862230284
0.14800566515150604
0.39639082388873403
0.6128588792335674
0.4177273651220859
0.3383321902849333
0.8210937321138265
0.46717683234314233
0.1664378053864733
0.26692747002791184
0.23743152295686232
0.9754932445423629
0.3805829080008185
0.41127015192499716
0.944815037663207
0.18999789159286654
0.778967329928372
0.7522882511108628
0.3331447224254065
0.7443448681038445
0.2812548484092697
0.039941032667049334
0.12273398797867673
0.1116110752011488
0.4476935169879588
0.4216397379856862
0.72878808055692
0.3322853467037747
0.9554241473062032
0.950208051703825
0.95514772137241
0.6964245196186651
0.11986730073731162
0.7727287646908271
0.20028560951125368
0.8885831649025757
0.5218562872640942
0.46270265345058936
0.9616594030250037
0.23765600337583875
0.48764680675778405
0.7331558444253503
0.12966796965371455
0.021019512868755086
0.20248814500952356
0.04113586882050411
0.17565082092659443
0.8992012503209201
0.09008781212682264
0.31550361183929
0.3241018316403067
0.29087992887077485
0.256026079297161
0.25181490917013366
0.9525006837279905
0.23121198777437482
0.38141621207339954
0.07711607684253417
0.050830923138146814
0.38313841005915106
0.8808728155323279
0.42601657935360787
0.39639082388873426
0.2517366955922872
0.445073966802064
0.315779986087818
0.7617878518951806
0.9279952910383353
0.460733631773269
0.12262516079843756
0.544289114013025
0.8104203481200025
0.547447695486851
0.7445882649141734
0.1872842811338335
0.8677809671105181
0.43304819588605115
0.572082332313694
0.29476902064131216
0.4673515664637288
0.577481220724537
0.6067727942440271
0.767691594179988
0.9680727040809031
0.40513996166182326
0.7371417852923066
0.6741116320780709
0.2380679735633106
0.12108874504024726
0.05029692284521698
0.4360806196656037
0.8539991883703819
0.7235409867684381
0.29188144075311734
0.14031591474114566
0.05697865471909597
0.6820726661529005
0.7813086071869849
0.04391078481445851
0.8764823779357059
0.014590929350938479
0.22468872508721488
0.5936757013240024
0.8598200298002484
0.8334667978907248
0.220455370461754
0.4705604899074578
0.9950780556342717
0.339637402512259
0.2595288947251471
0.32895749088768417
0.14424240981335695
0.30494531032612116
0.35506015378124145
0.13941528283375274
0.5327567175620345
0.4126334758432048
0.6763248356999696
0.8559168667182426
0.8578740526108446
0.6887545908168856
0.27306582928995055
0.9965753395375573
0.17632881420359958
0.5651938633793292
0.7580711824648214
0.1746231906208408
0.05250505820847844
0.3365970952582946
0.39023270703249596
0.0382392790723727
0.3859142244305622
0.9952288546066445
0.7183374151889412
0.5106136436472899
0.9908042804382984
0.9528720024275237
0.9498543726568722
0.6585881536763387
0.2258378424823421
0.9636967158577582
0.09985251351828484
0.374265667437485
0.49790703029836025
0.26242136418774814
0.10956154900660046
0.20621306613042456
0.7036937632365321
0.4397455800298653
0.5871122557875824
0.06271576482645562
0.6954827926025609
0.6314636846959184
0.5395309248853444
0.5321422807808642
0.9434651017057135
0.2643629647676071
0.7982850357420908
0.9521851774907025
0.4656637701054377
0.9224762919118386
0.35496050752979685
0.9286071664873491
0.9918851958794722
0.38407977867436743
0.8037343092163786
0.8036777974331057
0.35024808903389815
0.15232126696460938
0.04159649339885694
0.9697196739310632
0.13210662249711663
0.05355853122902316
0.09540919398957164
0.6869910665285517
0.8062717587921948
0.3043610827556655
0.956899661214034
0.03729396450971
0.015619796811457743
0.4596350714632389
0.463862795340524
0.9055247492954387
0.22760627603791125
0.38084319604240974
0.5799960532971498
0.498506315467246
0.8202171909926176
0.8156457911705066
0.5919073950058593
0.21638903651075758
0.03789644440486938
0.48752803971814707
0.3929861669765413
0.4527265683338866
0.7457436841628291
0.06323486253298317
