0.6771959826037183
0.9557224783290199
0.8178523411223595
0.524629357425378
0.3821578815829797
0.02151235704587502
0.4513211426863404
0.16983000526344894
0.3410801635124966
0.5185791877692845
0.8969812110264506
0.368782896661466
0.27253207009433034
0.28256654571893247
0.5640381494245127
0.6101743927830747
0.10617400704752145
0.6050291665734111
0.36238737253349806
0.3675404629064909
0.6679028236933942
0.7778899841447696
0.1832870723671839
0.6186822983738857
0.4194870623535042
0.42405608869337574
0.226512565300809
0.6253558005733773
0.03890311919542788
0.19551697541874746
0.7960005205311148
0.8155548247469241
0.6654734638149757
0.6603221063299896
0.30884397823884113
0.6591364834680373
0.29163993028850443
0.38797355533364664
0.12546313466790804
0.09408373765544575
0.5512046305960843
0.5438205293860734
0.782604427813416
0.6325746329950517
0.9322587397104909
0.3170968803599866
0.6687419065788495
0.5771264096828888
0.12247930952219255
0.5817714994721452
0.035330094546433655
0.8427876187601551
0.7705214269277596
0.19212201193885126
0.640925808222409
0.35054048305452024
0.5312064541849684
0.30042776337808097
0.6196105849648392
0.06250549956404594
0.07051325023404531
0.2728757666124164
0.3020170344956574
0.6689185223715155
0.5994744324562986
0.32366066190641185
0.7001767683762126
0.6518969344987218
0.5093950610512312
0.2231143261373022
0.39783646131987205
0.32723588885095767
0.9983397088612745
0.8784147996061461
0.3489365194847842
0.8814391644366932
0.9641221542963272
0.3094862839176289
0.5142436794048999
0.41298952345976103
0.9156117801855123
0.9131204546171153
0.2698141854261453
0.7418563435156244
0.6440445421349481
0.6796096932790348
0.7856554246143821
0.2661034114341153
0.3435664421399467
0.4457145209732045
0.9939669420730345
0.6755659386680194
0.4695305189032799
0.7832167630740767
0.24030023670987788
0.16195420898783608
0.6259974199057868
0.8124606489068025
0.8091503294225089
0.36807112521243734
0.6124329397118635
0.9981030434309248
0.7946548930850454
0.213500854365267
0.30850818904314425
0.12209685936945647
0.15902194971475436
0.9623811093258902
0.3769518144063022
0.2715645659101972
0.5620508451480232
0.553869346324199
0.24037483200101994
0.7175559992777992
0.031182413826323363
0.6058155000025389
0.7137337989072645
0.1819579095662509
0.6303795559980909
0.4997258299811238
0.42552508550241164
0.11000176802052086
0.8163265916415807
0.7119574013214776
0.09025414589411618
0.019519993151894302
0.891427000406615
0.8304955594799951
0.26529365532958515
0.0025255086223513073
0.4427798203835914
0.25889635645837816
0.5157999844035461
0.6658870029255911
0.15417396934709549
0.3248469229586147
0.7104795662361969
0.800865176242398
0.045143187907562554
0.1204525070609801
0.9352487387992257
0.7588210981966573
0.5277562645217505
0.6952324928329094
0.21922624580788497
0.5429850001576522
0.05952587295949907
0.5017297205586295
0.726089285902779
0.6141232933143896
0.9468071897301987
0.5767808269094108
0.5412545456199074
0.16237481021933753
0.40453816460476066
0.8177768484533865
0.4219891144610549
0.9829421997195511
0.871238952144173
0.24594618063180995
0.8803595478613728
0.20532787470803293
0.5650756088443134
0.47564305281733954
0.79115463147212
0.733785592662872
0.9743749182604788
0.6285949967871844
0.08805188379107387
0.2223772639864846
0.1811530989508363
0.4709254032108069
0.38437615552291404
0.18908848774190212
0.8130335693341788
0.3396410521705985
0.3527673674147852
0.30927795690228155
0.19939305884202108
0.5358896819673258
0.8722108500963223
0.09969245512316272
0.06822565493198474
0.8571727592297215
0.5067352627703166
0.8253421521727238
0.31113084785681366
0.7176558605356229
0.048458711203848925
0.6349430277591636
0.3058051865072505
0.9789815213594845
0.8909846905758754
0.13833651711074957
0.790903988537188
0.3783296437592677
0.6418573115638242
0.298693834282575
0.4776858199798266
0.5311892672044324
0.16916850955174045
0.8492015791978473
0.044655012891081425
0.7748490013128728
0.6871796794016308
0.8716563761898004
0.08834158830429817
0.6481211576128414
0.11566380180684199
0.7759999866267624
0.513163340675773
0.231226506762792
0.009921096058507163
0.5082973099235688
0.596755890076236
0.38888742126320996
0.34103288424000366
0.12374302102092849
0.1869711166707957
0.9910876362061508
0.8020163375893368
0.05082105321529928
0.9616917093755714
0.45854401885169915
0.018392790864699044
0.028606613905598044
0.5240068826067387
0.1705335534040746
0.5311353755884263
0.9857375246496705
0.4345941008562587
0.15995535857795296
0.9951462167971897
0.8616249857824753
0.8275351231371978
0.06151165909668421
0.3900689871814287
0.8098581429442224
0.015957199293060866
0.6544312815696702
0.11162768447366189
0.035521244994812906
0.44237649696925374
0.47241078850890605
0.36139989926142024
0.8217703001429448
0.0727041458688572
0.9255553540168615
0.13591117557061516
0.6818977116017062
0.20200264056751205
0.28373089122868744
0.0665902976760725
0.09072129152134656
0.31503155152233764
0.5177809555628969
0.31154159729670805
0.8953483709050701
0.4511804012600854
0.9776700969511276
0.22855911063684375
0.8549076851750875
0.3829663229348238
0.4295238057079035
0.6964158623914729
0.5626732050224057
0.4557075079828249
0.3301618642742823
0.08541881329331102
0.30532156942157485
0.6566843320348149
0.3239847099616505
0.2498865977610456
0.39183953659991555
0.11905379771807045
0.0360000224657584
0.1928707461356335
0.5130308247135448
0.20148665007426736
0.44368591342279873
0.20152741097368065
0.2061806944873238
0.7870508806771556
0.24260785890114522
0.3845378427920173
0.6851966679436141
0.9909626406044814
0.10561290453913785
0.2564092824480524
0.8284426191574652
0.9996514563328897
0.5345943745972666
0.877518130894896
0.9577373841690171
0.42550560050061215
0.7586428231202642
0.9564724649202577
0.7171709947979271
0.3629401098680476
0.6486176932317791
0.00855785744612601
0.9667723212827921
0.9522414231847781
0.44537584144864906
0.8487222913697582
0.8015971867997026
0.7532504789761726
0.47694914092480867
0.007043055243607101
0.22358220779403126
0.07131149961728578
0.7729956360181838
0.7032546843504617
0.9399387578311795
0.5484014896131757
0.7344318122163731
0.4882825385384638
0.8146723041868024
0.1234578897193529
0.2473398660505911
0.29685425803823295
0.8809998322990477
0.03403696550699831
0.9434100464425653
0.5862004633766076
0.39741015508728494
0.031130950414834047
0.5856572120373689
0.5135078690586463
0.916781232167621
0.6008810472882273
0.4715089032439167
0.8005888988803465
0.2951860553826744
0.8102798772457536
0.15790299386250817
0.9205532953388196
0.45348653063827704
0.012852628915065873
0.5014176573499187
0.592693589546847
0.8656046182089154
0.1592582252994923
0.5875332605628631
0.44243375423503817
0.906460519454504
0.2220041849439035
0.11449627567445197
0.1024180484818451
0.6713988207852198
0.5074442796196224
0.8663010623779785
0.9404677539078918
0.4897487961348381
0.17850092180760557
0.8398639991739001
0.457213657803074
0.26983596508788255
0.4498970348983391
0.7292388820204745
0.7186220602096777
0.2406088463309839
0.01770989971347783
0.13898083863455812
0.2540452676142403
0.8835635473371855
0.9174247773316251
0.8158361460400274
0.7154680603424739
0.16084278288667953
0.9389287357079229
0.916463860456093
0.6302831588981582
0.6860503013046508
0.02401067443104772
0.30274514141635633
0.15662877814872456
0.12631757765977625
0.44374552104658105
0.712413269528452
0.313135833452735
0.8603121001962746
0.11133937593337218
0.04113601924770016
0.2688027738619916
0.17988923793049705
0.9820001450805156
0.44332075882010336
0.2870913140866177
0.1674460754528777
0.7186782304332257
0.19309144200884032
0.1644269576562879
0.16994140940263713
0.7727184272453821
0.3703363439637163
0.9267704373536044
0.8040843880023076
0.5426862550127134
0.419456682158342
0.5571735628551227
0.12238706614241257
0.5682770360952558
0.963444940770448
0.318029302883322
0.1843257184560374
0.5029854450447788
0.9859765836793181
0.518109476469405
0.943286917642509
0.9840049110603659
0.842578400019497
0.8752146589399299
0.4517457910631103
0.08901317662408459
0.6145687237361581
0.37878761205619005
0.4515147910162782
0.9432708305251014
0.3634705698365589
0.6340623749812039
0.3797417548882436
0.8953280448540228
0.18572758548004253
0.7038660827735628
0.48906647408687076
0.452758143939472
0.9505827513917064
0.5312270506489574
0.7260431925281888
0.37072710932264474
0.6290211514431712
0.9585892391255254
0.02403183211144151
0.05505330599650671
0.7741795937844832
0.5376192418302725
0.47389941705946814
0.7377990035797248
0.9323145291717472
0.18113235771332725
0.010055671799313631
0.41646251448193494
0.014357181645030363
0.6669386369559827
0.054221399895250766
0.59257593993845
0.8023080574775745
0.23803813205384772
0.5032695946960981
0.13631956504676035
0.24638749723906672
0.9996545960012959
0.763133802118644
0.06260052201282251
0.30229270789548823
0.3321617405457602
0.5038577680002421
0.12753019319958858
0.4723043468647281
0.2944571386293766
0.40300538609826897
0.1818005965582522
0.778691116404358
0.2389393666322165
0.5180450371483654
0.5334497668394389
0.007827687506796783
0.3830185475727167
0.11567856618000405
0.11617495833329328
0.719231955792041
0.3164801302257719
0.31215879904379185
0.998778308006936
0.028308096213203182
0.5751894671888473
0.8629266130766322
0.04955523310845633
0.08049454288034075
0.01834699538080367
0.9867645948767073
0.06837935783035975
0.057599729827923274
0.7483508109520747
0.7222316445822711
0.8883839363538275
0.42873077806265236
0.5271956188522597
0.24993389895325302
0.7917629920170058
0.671790331251048
0.9297170822917911
0.789854883014169
0.16361009582901243
0.5530114926771308
0.49511024889279165
0.1756619998846255
0.044506827533412396
0.8625094924945128
0.6177903792579673
0.20846100826146097
0.09901858284625376
0.05977454663088255
0.36181978627702693
0.42356590724024457
0.4579680473207617
0.9881638259504912
0.7585403917111837
0.6790299291038002
0.4787877919222232
0.09356929276351256
0.3953004490149774
0.9417972150724284
0.22322829232833896
0.014180357841755566
0.542490099473704
0.8644033731876611
0.10146522356094156
0.1667617490226847
0.48565149347270453
0.40759133621735466
0.1170516387469871
0.9470427849539651
0.060263065046029074
0.981025434972277
0.5019825721871753
0.4688745073451941
0.6879955047574634
0.23049700518727068
0.7173878341443543
0.5205216368193595
0.2785939702048408
0.7663534856807108
0.5662529420689913
0.4664911406333634
0.7881274882403804
0.06731057096581072
0.19038044224805972
0.6352965163203071
0.3049198053459804
0.8177398515099336
0.30425489290754903
0.45015400875827116
0.2245142830849839
0.04606825029596451
0.9504185673975166
0.21917214685838604
0.7766044103154088
0.4980391996844068
0.5707200940674892
0.7618868241228816
0.4020172710659603
0.3519191429503302
0.7357450106459258
0.09841552962299849
0.06083649714400163
0.9470285459068044
0.9550227536346201
0.3101965305797093
0.7440501064365848
0.8391185819110729
0.6410981851072086
0.47223539713075346
0.9443634573000519
0.045369409565785834
0.8404894698505969
0.18656747219824943
0.03702372061052506
0.10059895519698048
0.05092934337804711
0.2697554986470494
0.34126406249130736
0.8130664086325265
0.7445961622030286
0.8562086085487896
0.7460588492677682
0.4467359995273996
0.04767815753789151
0.03894086113929396
0.4163331611518605
0.6365433377634334
0.23796724806481884
0.09654149413969704
0.6484082488903191
0.9865932708751203
0.7824047542314579
0.9011304456122209
0.6748509115755784
0.2815972858654485
0.9047445430973647
0.40556999833692886
0.10955823035846357
0.21603932054818475
0.8916745013797887
0.05995727034785181
0.8079721635273716
0.22440711583664585
0.879899658926893
0.19064982570469358
0.7550566980118343
0.182098849204812
0.870632806836314
0.9020981506168744
0.5593053510688011
0.2264665204958185
0.3141622344124785
0.9061865667703692
0.9039727732565173
0.7204870513893205
0.08076567364883314
0.11285142230126688
0.9722147346433797
0.4899330386608989
0.19628806339671023
0.5087939362908516
0.12982474725248594
0.862884362104817
0.262452389141159
0.6521972940895966
0.45697042049851344
0.7485063055123731
0.39926206261440256
0.12401674925328499
0.679066996310125
0.823542733949728
0.34136796846847894
0.2952302724334882
0.5943373017589793
0.6821797067033329
0.5749019412826804
0.7700696901754844
0.9738858564112878
0.5360447066858951
0.17861170754929712
0.9238031412840082
0.9480657684183232
0.6384547665135908
0.4793316564493252
0.11000224915899981
0.25683473082936437
0.40274887181007923
0.9701088733934166
0.6798892155873424
0.890780586394832
0.3586295093504287
0.35938002698682747
0.6019390783412291
0.5430533752576423
0.5631360643560788
0.5393756974961834
0.4718611021446031
0.2600106919263264
0.1865875247444635
0.30519603830518605
0.603587772964967
0.11577610459031684
0.11673311620506599
0.6645961371329414
0.29138522720787774
0.6806790972245791
0.7888595825015162
0.36183483343911715
0.6893268984509264
0.41007309782685697
0.39208099306902466
0.8655543880203289
0.08458084184892434
0.12449258823575848
0.049560423153057864
0.6700665494732492
0.09484268593324086
0.4539002110705116
0.48621430925244913
0.6166491652666329
0.3135610326719259
0.648235868614621
0.22433657315282263
0.781899243890965
0.2461909221696965
0.8554334426536901
0.6645493017039399
0.0010119988690945447
0.07009324574900222
0.22218600118847454
0.39075851367915193
0.8866410574141762
0.7416032449041658
0.35674287237102753
0.3347055959358859
0.1678920652726752
0.976078477177414
0.831990130359475
0.7288277228178835
0.6796111954332382
0.2596374413242529
0.9442125186129542
0.3222891232486773
0.13524288156863762
0.6279578561069902
0.6490817823716534
0.2514043268880899
0.2686318243486101
0.7147854448614266
0.5996547930992077
0.2598082812773391
0.6859669238141084
0.39532677768238766
0.4740467288189548
0.8115628419936786
0.051714211710558344
0.693836366220262
0.3231830443447474
0.6425116414007424
0.9062176268415958
0.6857996491510454
0.5899583530754261
0.7670682706617675
0.3957142508406153
0.022507126360811862
0.5121485360503397
0.3059744619894047
0.632818767175989
0.11401035758292377
0.4596326395170268
0.9223843666344098
0.9981253262293855
0.942694421251749
0.29435788674813124
0.5380851965412183
0.6886372303529835
0.16509416203697558
0.2847596258608093
0.5487843025977974
0.8162427961893435
0.7857848271125774
0.8327788517721109
0.6916587733408346
0.4650962228267965
0.02589427489795404
0.6993037741316357
0.6474323192027187
0.08912124316914027
0.05700606060955227
0.31511544022623117
0.18734341414242928
0.6631656779243738
0.9915178656309299
0.09943572893587371
0.11856806489900407
0.7938935192984762
0.11697504536248637
0.42788205262553936
0.19344048883484766
0.24955725411755803
0.6355608135655628
0.4824865894459506
0.7220022689867932
0.31596590503945865
0.5634733666179834
0.4593847649829049
0.6352020238832551
0.41524605711634355
0.4429672368371267
0.9770881706741033
0.14257817170344322
0.6584486346014542
0.3558548433598293
0.9552311644750687
0.6724518248510364
0.39346828871394113
0.45778668922554666
0.23696605414018612
0.15733765591512727
0.5999613649462718
0.6790469861331627
0.33902913058731154
0.11574391671061879
0.41230299234830303
0.14540408253209136
0.7706109402076355
0.8849987098824506
0.8667253626713903
0.043079639702271244
0.3673419624480909
0.10310810211858457
0.7361750658094307
0.37723726764428256
0.0005560586474450087
0.7079893210118162
0.5341919775963646
0.59895420867886
0.6602691567714274
0.3857946540864191
0.40832195781001135
0.5908905651397136
0.7346308160208272
0.11632517027583555
0.23735996372449153
0.2052882439728576
0.45168188564663825
0.762240054017557
0.5788310237574497
0.12201821461924411
0.23558796587747166
0.6418937960007511
0.467004290875349
0.38716738023817576
0.023043872389997458
0.3071660167127823
0.3236555788107004
0.1552548098070936
0.2548434299769532
0.5501781896908775
0.8294109920720638
0.7406839427977541
0.6411952712263956
0.7214202058291455
0.5929898394906414
0.8995634039417827
0.6003548160759139
0.6161775255971818
0.3949387551040532
0.45318062681421734
0.6755261879765861
0.48294490072637664
0.3305926260434463
0.07111854001609041
0.694320678942736
0.8567449570667983
0.0852303848367667
0.9687104941475039
0.9681329513952625
0.8683231014170517
0.16958846674191586
0.7028223928525729
0.8774345330405975
0.44761572248292747
0.7545450654397527
0.13463085694221077
0.6399053261228103
0.7303428773421712
0.19306557994217144
0.7264934780639485
0.12212318174197878
0.031955877089729356
0.6389395795737358
0.3867438359741002
0.6529128500273819
0.3082097074881742
0.9561095057872727
0.4480490257147953
0.6832748233809018
0.3959407884249184
0.9369958246230232
0.7776764853355679
0.36525142648059705
0.8020280376862485
0.09216111798722249
0.554970915707903
0.42232882209926037
0.5719816712683095
0.18467934135339936
0.4428313839108259
0.9136096703320837
0.6085295619042239
0.9198835067485552
0.37725779316964114
0.36362015434629025
0.8517071416309849
0.8733218297430815
0.7566934319800831
0.3073229149428962
0.5959257825722208
0.8399627406267329
0.07601010565794919
0.6197959315190569
0.15621912012494332
0.921378838852261
0.9353063029996889
0.8275685682714059
0.18237453602645182
0.20802122877072216
0.3649245294990494
0.6689160563796964
0.9908030348442329
0.8901623874986462
0.6513259539555303
0.666432594837418
0.7312228428699282
0.2050231545393223
0.6261490530291183
0.5942360095032624
0.037210664544056304
0.661509178074758
0.635207583870459
0.1264991080991853
0.7243021107312788
0.04941532521612879
0.6157092315294683
0.8412069281082054
0.049397279683233486
0.766401112629129
0.0063508218121253335
0.19365261518544408
0.8989040383075559
0.8089833451599211
0.9831971216628265
0.25010263815185274
0.32554780904482605
0.9352223485447055
0.1471886331114287
0.5739271267332531
0.19430937180766117
0.008700802493011165
0.46818077960639515
0.27769903907901106
0.2159798279640538
0.1048052034108733
0.21199748384326322
0.8186020775076442
0.87678385711553
0.7635714721548648
0.8396312870337275
0.7445536510533637
0.9913649868734837
0.3862351350932849
0.7264971254864572
0.4021473013647635
0.693387782481395
0.4694901052492344
0.07278772398614153
0.3313389508021718
0.05109920210910024
0.7822013456357636
0.9992684062092497
0.9681581113543973
0.3196278843527026
0.8401303290906543
0.46862964672612695
0.6248433264033431
0.09746718493675954
0.15996058495441834
0.8826410843706559
0.23713919636489156
0.31222339942363375
0.8363428664311902
0.3972286493144348
0.6975241957568514
0.04769378629342891
0.8772031146132437
0.21213193251258666
0.23483158817649818
0.4311191016293201
0.7254818867347403
0.715989183414206
0.17627400081268507
0.14652717193592968
0.9418041042359497
0.22261418721683246
0.8925983629807068
0.9098160481627684
0.5450734067671568
0.24725615880909935
0.5876021756255364
0.6862737446843659
0.6998364330409315
0.39531492789876277
0.41704244818236913
0.112707869463057
0.11104660670517463
0.05603998326241655
0.9819702720388002
0.9814531980785384
0.6275122946581142
0.03854393437507764
0.09607582804901327
0.9835529986382545
0.6325218197666846
0.07946035405692287
0.9293391203629496
0.14831906922318538
0.1788096643813556
0.565132224267991
0.40994529347882336
0.9952069341066568
0.13591107635018085
0.6684914259728829
0.6493904856831804
0.7253336484805915
0.6101532894390612
0.518159845771127
0.8148985623884394
0.7558295950434702
0.1933576930657872
0.05180187500029987
0.38329954947771117
0.8488708759623285
0.8932224491238708
0.010595173932096115
