3.099460610383056e-28
2.34749590238187e-40
1.1509410207364548e-29
4.959405265196277e-40
6.0519328301152315e-30
4.4803956868759327e-41
1.4058970898220915e-39
1.3309469270999792e-41
8.186717713380727e-34
3.099460610383056e-28
9.460164908461053e-33
1.2875185991604938e-28
6.17474577955707e-32
1.460217071535892e-28
2.0366163166994176e-37
1.460217071535892e-28
1.455702545850238e-30
1.6307499012967387e-39
2.324690714372162e-36
1.4169603239443677e-32
5.510741929495969e-33
1.0765817377977023e-33
1.9205458589640364e-29
1.6220139012363863e-33
7.222051478009615e-33
1.487721112854714e-38
3.099460610383056e-28
2.3237590263633555e-31
6.034694349592164e-29
3.9348967069268583e-31
1.7222872767832252e-38
1.238581122258159e-32
2.4790881536644525e-29
8.186717713380727e-34
1.525786029246501e-37
1.681464804328002e-35
1.9349497995311353e-35
1.6580383827933886e-30
2.6512842236505096e-31
3.1378653307973057e-37
1.2343432875028215e-33
8.056719033632248e-32
2.128583287067991e-28
2.6512842236505096e-31
5.316426036580862e-29
4.7256430663392384e-36
2.0164465941082666e-36
5.4440330614557866e-36
1.7222872767832252e-38
2.0164465941082666e-36
7.829192089589614e-30
2.6512842236505096e-31
7.82651408318985e-35
1.8775261286477415e-28
8.186717713380727e-34
2.2263760517181793e-35
9.201277918622773e-32
3.024603111070805e-31
5.423826612639057e-34
2.182151349013322e-29
3.610865811175748e-30
6.0519328301152315e-30
2.0206009464674864e-40
5.423826612639057e-34
6.034694349592164e-29
1.7844378267442066e-31
2.1932881137188228e-39
6.30901956142859e-33
7.82651408318985e-35
8.266205365448592e-33
7.829192089589614e-30
3.024603111070805e-31
7.222051478009615e-33
5.404678627544823e-32
7.05367095319022e-32
5.510741929495969e-33
1.1351062559642863e-28
1.0642471908552931e-44
2.6797268895583888e-36
2.6512842236505096e-31
9.883206804805683e-37
1.1509410207364548e-29
4.119434780044837e-34
1.0006136859370533e-28
4.481734321747504e-35
6.30901956142859e-33
6.809534979665403e-35
3.099460610383056e-28
7.756880478655712e-40
1.6900961338254744e-29
7.048932100976128e-41
1.4610085554746804e-35
1.1509410207364548e-29
1.681464804328002e-35
8.317286356907101e-36
3.8974700971586787e-35
9.581878753725978e-39
7.756880478655712e-40
3.63240912634613e-29
1.4169603239443677e-32
3.450066059736533e-31
2.94643495581384e-35
1.1096705630495825e-38
3.168415434181369e-32
9.201277918622773e-32
2.441092677049988e-33
1.7222872767832252e-38
5.510741929495969e-33
4.119434780044837e-34
1.102613765719376e-35
1.681464804328002e-35
1.7488604796323113e-36
1.8538085231262756e-32
3.168415434181369e-32
7.396483739872109e-38
1.681464804328002e-35
1.739014277868152e-40
2.0206009464674864e-40
1.8538085231262756e-32
3.099460610383056e-28
9.201277918622773e-32
1.8882671144752362e-30
6.883860606592382e-30
7.141748532809127e-39
2.182151349013322e-29
5.574307623648828e-37
6.883860606592382e-30
3.85130418313585e-41
8.317286356907101e-36
2.816086464935664e-29
1.5634246303386904e-31
2.150201648650729e-30
4.124672927952467e-29
1.4150500924660617e-33
2.352541818222143e-37
9.576991084391143e-36
2.717142273828134e-37
6.061416449848549e-41
7.82651408318985e-35
3.17254610355878e-30
1.8882671144752362e-30
6.433500319851471e-37
1.516598072281159e-36
2.448171640408709e-30
2.7715801923156354e-32
1.3640837635664795e-34
9.576991084391143e-36
8.272831284767328e-39
2.372816333566574e-34
2.324690714372162e-36
1.6580383827933886e-30
1.1874149743316097e-34
1.8882671144752362e-30
8.81948600977085e-29
4.1391597039572e-32
1.8882671144752362e-30
3.610865811175748e-30
2.372816333566574e-34
2.066512327666018e-34
2.352541818222143e-37
2.7715801923156354e-32
5.423826612639057e-34
7.772612702960206e-29
2.0206009464674864e-40
2.4129161073358617e-28
1.4150500924660617e-33
9.581878753725978e-39
4.119434780044837e-34
9.576991084391143e-36
5.152954689736542e-35
6.883860606592382e-30
1.4169603239443677e-32
8.196329639239742e-41
1.2849444425657456e-38
3.203848109722814e-33
3.589416885546977e-34
8.266205365448592e-33
6.270865554252564e-36
6.433500319851471e-37
2.7715801923156354e-32
1.1996891538455526e-31
5.152954689736542e-35
1.3083550109419585e-29
8.186717713380727e-34
3.099460610383056e-28
4.959405265196277e-40
1.3204020259378066e-37
1.2343432875028215e-33
1.2779021887788606e-30
3.168415434181369e-32
3.6216268252735596e-32
6.30901956142859e-33
1.859020733513582e-33
5.316426036580862e-29
1.3083550109419585e-29
9.460164908461053e-33
1.799528706229706e-34
3.669746799180672e-33
3.099460610383056e-28
3.678400689756344e-40
1.5301145059936933e-43
2.1932881137188228e-39
3.6232901777522126e-37
3.168415434181369e-32
2.4241510882761833e-32
4.783073179468363e-38
2.7348953554591033e-28
3.55944208465665e-36
2.7241884518625367e-34
3.8974700971586787e-35
1.1425247676132393e-37
7.424216310459924e-37
2.448171640408709e-30
1.2779021887788606e-30
1.769531407026951e-48
7.137753960731326e-34
1.1400971483547133e-36
4.675832010181684e-30
6.0519328301152315e-30
2.886926320532627e-42
6.17474577955707e-32
3.1985041205102025e-29
8.551163022110717e-38
2.4129161073358617e-28
8.638811460768849e-31
2.3237590263633555e-31
2.78709291021643e-30
4.829269388821367e-37
1.221249628963529e-46
3.9348967069268583e-31
5.574307623648828e-37
4.6830758169411023e-29
5.404678627544823e-32
2.0366163166994176e-37
3.450066059736533e-31
3.63240912634613e-29
4.1351828364699184e-38
2.1200144750788114e-32
7.222051478009615e-33
1.4150500924660617e-33
7.05367095319022e-32
6.034694349592164e-29
8.566448379881552e-37
7.829192089589614e-30
3.099460610383056e-28
9.388689158066479e-34
2.441092677049988e-33
3.669746799180672e-33
6.2224330766810946e-34
1.566846524987529e-34
2.5613813350241587e-35
1.238581122258159e-32
2.448171640408709e-30
7.05367095319022e-32
4.1391597039572e-32
1.2343432875028215e-33
3.450066059736533e-31
1.4871166923044142e-29
9.388689158066479e-34
2.448171640408709e-30
6.650068760864613e-31
1.3696177849785138e-31
9.844378228052427e-31
3.9348967069268583e-31
1.0765817377977023e-33
4.1351828364699184e-38
8.266205365448592e-33
2.4241510882761833e-32
2.94643495581384e-35
5.423826612639057e-34
4.109241528175328e-30
1.1351062559642863e-28
1.033501006870081e-34
2.7967564035207554e-33
3.589416885546977e-34
3.099460610383056e-28
4.487311016047425e-31
3.168415434181369e-32
9.813878293244575e-42
8.638811460768849e-31
3.127210197598334e-34
6.034694349592164e-29
9.460164908461053e-33
1.102613765719376e-35
8.90325356887979e-30
7.756880478655712e-40
1.0507151309887037e-31
1.3533107693002789e-45
6.883860606592382e-30
4.1391597039572e-32
7.424216310459924e-37
8.196329639239742e-41
3.8974700971586787e-35
1.1996891538455526e-31
1.1425247676132393e-37
6.30901956142859e-33
7.579954709134017e-31
3.099460610383056e-28
3.9348967069268583e-31
3.9616399497751185e-39
5.8335452526895765e-31
1.9935932361645797e-38
4.829269388821367e-37
1.033501006870081e-34
1.1216813455768839e-30
2.1932881137188228e-39
1.799528706229706e-34
3.610865811175748e-30
2.7967564035207554e-33
5.8335452526895765e-31
2.78709291021643e-30
8.317286356907101e-36
4.487311016047425e-31
4.6830758169411023e-29
1.0006136859370533e-28
3.63240912634613e-29
2.066512327666018e-34
6.164556413655914e-39
1.5634246303386904e-31
3.55944208465665e-36
5.4440330614557866e-36
3.099460610383056e-28
2.4241510882761833e-32
8.186717713380727e-34
1.1874149743316097e-34
2.3237590263633555e-31
3.168415434181369e-32
1.0825254838343905e-32
1.566846524987529e-34
4.959405265196277e-40
1.2693010387497938e-35
3.0886079441441834e-36
5.3198947878100256e-30
1.525786029246501e-37
2.5613813350241587e-35
2.1200144750788114e-32
7.579954709134017e-31
6.0519328301152315e-30
4.675832010181684e-30
3.17254610355878e-30
7.137753960731326e-34
9.581878753725978e-39
1.4150500924660617e-33
8.266205365448592e-33
8.056719033632248e-32
1.102613765719376e-35
2.150201648650729e-30
9.88489267184507e-38
5.757516768074583e-40
6.270865554252564e-36
3.099460610383056e-28
8.056719033632248e-32
5.404678627544823e-32
7.137753960731326e-34
3.099460610383056e-28
7.222051478009615e-33
5.320420993698523e-39
1.681464804328002e-35
4.812881596555809e-33
9.581878753725978e-39
4.591314638598905e-39
1.0825254838343905e-32
4.124672927952467e-29
7.011695944054245e-44
3.099460610383056e-28
1.566846524987529e-34
1.1202706414595378e-43
2.130398259975682e-33
1.4058970898220915e-39
1.6220139012363863e-33
4.202881900355126e-33
1.0825254838343905e-32
2.78709291021643e-30
7.82651408318985e-35
6.849166056130148e-29
2.7715801923156354e-32
1.9349497995311353e-35
2.0164465941082666e-36
5.316426036580862e-29
7.137753960731326e-34
3.1378653307973057e-37
2.2263760517181793e-35
4.7256430663392384e-36
1.3640837635664795e-34
6.034694349592164e-29
6.0519328301152315e-30
2.372816333566574e-34
4.675832010181684e-30
9.88489267184507e-38
3.9616399497751185e-39
2.448171640408709e-30
2.6797268895583888e-36
8.994275524538998e-35
2.130398259975682e-33
1.3204020259378066e-37
3.55944208465665e-36
2.7967564035207554e-33
1.455702545850238e-30
3.099460610383056e-28
5.510741929495969e-33
4.783073179468363e-38
2.3237590263633555e-31
7.424216310459924e-37
1.0825254838343905e-32
2.3237590263633555e-31
9.844378228052427e-31
9.88489267184507e-38
2.441092677049988e-33
2.7348953554591033e-28
6.17474577955707e-32
5.510741929495969e-33
7.424216310459924e-37
2.4129161073358617e-28
3.099460610383056e-28
3.099460610383056e-28
1.3640837635664795e-34
1.8775261286477415e-28
2.128583287067991e-28
1.102613765719376e-35
6.433500319851471e-37
6.270865554252564e-36
5.510741929495969e-33
2.182151349013322e-29
1.6220139012363863e-33
6.034694349592164e-29
6.30901956142859e-33
2.5613813350241587e-35
7.829192089589614e-30
1.8538085231262756e-32
2.036445542443809e-31
4.119434780044837e-34
6.849166056130148e-29
1.1351062559642863e-28
5.404678627544823e-32
4.829269388821367e-37
4.481734321747504e-35
1.2875185991604938e-28
1.1509410207364548e-29
9.576991084391143e-36
1.6208313535167483e-32
1.2779021887788606e-30
6.17474577955707e-32
1.0123424522416439e-29
2.4761163567722516e-42
3.099460610383056e-28
9.388689158066479e-34
2.7967564035207554e-33
5.152954689736542e-35
2.78709291021643e-30
1.3696177849785138e-31
9.201277918622773e-32
2.441092677049988e-33
3.1985041205102025e-29
5.4440330614557866e-36
4.783073179468363e-38
3.099460610383056e-28
7.772612702960206e-29
3.3889594727456166e-35
6.809534979665403e-35
3.0886079441441834e-36
5.327986601551622e-42
1.455702545850238e-30
6.0519328301152315e-30
6.433500319851471e-37
1.8208844695682628e-42
1.3640837635664795e-34
4.487311016047425e-31
1.8538085231262756e-32
1.8882671144752362e-30
2.2263760517181793e-35
7.396483739872109e-38
3.127210197598334e-34
2.948435048810377e-39
1.455702545850238e-30
3.203848109722814e-33
4.271406197466381e-40
3.589416885546977e-34
2.6512842236505096e-31
4.1351828364699184e-38
1.3640837635664795e-34
9.576991084391143e-36
1.1096705630495825e-38
4.481734321747504e-35
1.799528706229706e-34
5.3198947878100256e-30
5.8335452526895765e-31
3.589416885546977e-34
3.099460610383056e-28
2.324690714372162e-36
7.048932100976128e-41
8.638811460768849e-31
2.7241884518625367e-34
3.099460610383056e-28
2.036445542443809e-31
3.099460610383056e-28
1.7844378267442066e-31
5.757516768074583e-40
7.23282787966155e-42
8.317286356907101e-36
3.55944208465665e-36
3.1985041205102025e-29
8.994275524538998e-35
5.327986601551622e-42
8.266205365448592e-33
1.1996891538455526e-31
8.994275524538998e-35
1.1425247676132393e-37
1.566846524987529e-34
1.3083550109419585e-29
5.423826612639057e-34
1.6900961338254744e-29
1.487721112854714e-38
4.812881596555809e-33
9.201277918622773e-32
3.450066059736533e-31
5.510741929495969e-33
3.9348967069268583e-31
2.3395414148798015e-44
3.203848109722814e-33
1.455702545850238e-30
3.099460610383056e-28
4.202881900355126e-33
1.6558776620473144e-28
8.196329639239742e-41
1.3083550109419585e-29
6.0519328301152315e-30
4.101549665535109e-36
1.6580383827933886e-30
2.036445542443809e-31
3.450066059736533e-31
6.061416449848549e-41
2.1200144750788114e-32
8.551163022110717e-38
7.048932100976128e-41
9.576991084391143e-36
4.101549665535109e-36
6.17474577955707e-32
1.4058970898220915e-39
4.1351828364699184e-38
2.7715801923156354e-32
8.186717713380727e-34
2.441092677049988e-33
9.883206804805683e-37
2.08887486769515e-43
8.186717713380727e-34
3.0886079441441834e-36
4.119434780044837e-34
1.6307499012967387e-39
3.168415434181369e-32
3.9348967069268583e-31
1.5301145059936933e-43
2.7967564035207554e-33
2.066512327666018e-34
4.119434780044837e-34
1.9349497995311353e-35
9.388689158066479e-34
2.94643495581384e-35
1.859020733513582e-33
1.3696177849785138e-31
1.0507151309887037e-31
3.610865811175748e-30
2.6512842236505096e-31
1.3204020259378066e-37
1.238581122258159e-32
1.516598072281159e-36
3.168415434181369e-32
2.130398259975682e-33
1.5634246303386904e-31
1.2343432875028215e-33
3.328869391599915e-43
2.6512842236505096e-31
6.30901956142859e-33
3.3889594727456166e-35
5.510741929495969e-33
8.266205365448592e-33
5.404678627544823e-32
3.1673356159223007e-40
5.404678627544823e-32
5.531796901659927e-38
1.4871166923044142e-29
1.4169603239443677e-32
7.222051478009615e-33
1.238581122258159e-32
5.404678627544823e-32
1.859020733513582e-33
1.033501006870081e-34
7.82651408318985e-35
2.948435048810377e-39
3.3889594727456166e-35
2.036445542443809e-31
5.8335452526895765e-31
2.150201648650729e-30
3.127210197598334e-34
3.610865811175748e-30
7.82651408318985e-35
4.591314638598905e-39
2.3073549082107702e-38
7.222393109098503e-36
4.124672927952467e-29
4.481734321747504e-35
2.2263760517181793e-35
2.670171414588943e-38
1.6580383827933886e-30
6.17474577955707e-32
2.3237590263633555e-31
9.844378228052427e-31
1.6900961338254744e-29
3.099460610383056e-28
2.7967564035207554e-33
1.1874149743316097e-34
5.211608747881982e-41
4.6830758169411023e-29
5.152954689736542e-35
1.5634246303386904e-31
3.310138433916396e-41
2.7715801923156354e-32
2.816086464935664e-29
7.05367095319022e-32
8.566448379881552e-37
2.066512327666018e-34
5.327986601551622e-42
1.487721112854714e-38
1.9349497995311353e-35
5.99630255142865e-44
3.127210197598334e-34
1.4169603239443677e-32
1.7629012250363435e-37
8.566448379881552e-37
2.4241510882761833e-32
2.441092677049988e-33
4.730070084161844e-32
8.056719033632248e-32
4.63041705070983e-47
6.270865554252564e-36
1.3083550109419585e-29
2.7348953554591033e-28
7.23282787966155e-42
1.4058970898220915e-39
3.678400689756344e-40
1.859020733513582e-33
5.316426036580862e-29
7.829192089589614e-30
1.6208313535167483e-32
2.2263760517181793e-35
1.0825254838343905e-32
1.3083550109419585e-29
1.6208313535167483e-32
1.4871166923044142e-29
3.610865811175748e-30
2.5613813350241587e-35
8.266205365448592e-33
5.510741929495969e-33
1.6220139012363863e-33
1.4871166923044142e-29
2.717142273828134e-37
7.579954709134017e-31
5.152954689736542e-35
1.4058970898220915e-39
1.6220139012363863e-33
3.1985041205102025e-29
3.024603111070805e-31
1.1096705630495825e-38
1.1874149743316097e-34
3.099460610383056e-28
5.4440330614557866e-36
2.372816333566574e-34
1.0507151309887037e-31
2.543139483081021e-39
4.727137809332586e-34
2.130398259975682e-33
1.2779021887788606e-30
1.2343432875028215e-33
3.450066059736533e-31
2.94643495581384e-35
4.783073179468363e-38
9.88489267184507e-38
2.543139483081021e-39
9.201277918622773e-32
1.2779021887788606e-30
5.116652427090275e-31
1.9935932361645797e-38
1.7844378267442066e-31
1.460217071535892e-28
8.186717713380727e-34
1.0507151309887037e-31
4.109241528175328e-30
6.849166056130148e-29
1.3083550109419585e-29
2.4790881536644525e-29
1.6208313535167483e-32
1.8775261286477415e-28
6.433500319851471e-37
3.0896606031293124e-38
1.1351062559642863e-28
4.487311016047425e-31
1.525786029246501e-37
9.460164908461053e-33
3.3889594727456166e-35
4.783073179468363e-38
5.211608747881982e-41
5.757516768074583e-40
2.7269427491463907e-40
9.844378228052427e-31
5.8335452526895765e-31
5.923978032661744e-35
2.6797268895583888e-36
3.450066059736533e-31
5.316426036580862e-29
3.099460610383056e-28
1.6900961338254744e-29
5.531796901659927e-38
1.2693010387497938e-35
4.730070084161844e-32
1.0765817377977023e-33
3.1378653307973057e-37
9.388689158066479e-34
5.510741929495969e-33
2.78709291021643e-30
6.883860606592382e-30
1.2118994587501839e-39
9.201277918622773e-32
1.5634246303386904e-31
5.423826612639057e-34
8.186717713380727e-34
4.53893580562583e-43
8.638811460768849e-31
5.574307623648828e-37
3.099460610383056e-28
4.101549665535109e-36
3.417903832570382e-39
2.128583287067991e-28
2.6512842236505096e-31
4.727137809332586e-34
4.183298232382338e-37
3.3481144158180914e-47
5.423826612639057e-34
1.1216813455768839e-30
5.316426036580862e-29
1.9349497995311353e-35
2.4241510882761833e-32
1.1996891538455526e-31
1.2343432875028215e-33
5.320420993698523e-39
3.8974700971586787e-35
8.186717713380727e-34
2.7715801923156354e-32
1.0123424522416439e-29
5.44921925037522e-50
1.3309469270999792e-41
1.1096705630495825e-38
3.099460610383056e-28
5.423826612639057e-34
1.1996891538455526e-31
1.3309469270999792e-41
8.266205365448592e-33
8.551163022110717e-38
4.271406197466381e-40
3.669746799180672e-33
3.63240912634613e-29
3.1985041205102025e-29
6.650068760864613e-31
3.099460610383056e-28
3.099460610383056e-28
2.6512842236505096e-31
9.388689158066479e-34
2.150201648650729e-30
1.2343432875028215e-33
1.0123424522416439e-29
8.90325356887979e-30
1.460217071535892e-28
6.30901956142859e-33
5.3198947878100256e-30
2.372816333566574e-34
1.6307499012967387e-39
7.82651408318985e-35
1.0123424522416439e-29
1.1509410207364548e-29
8.638811460768849e-31
3.1378653307973057e-37
2.0164465941082666e-36
1.455702545850238e-30
6.650068760864613e-31
6.883860606592382e-30
1.487721112854714e-38
7.05367095319022e-32
1.4169603239443677e-32
3.099460610383056e-28
1.8041321337131725e-41
3.024603111070805e-31
6.396940636167969e-38
1.4169603239443677e-32
3.17254610355878e-30
1.0765817377977023e-33
9.460164908461053e-33
1.1216813455768839e-30
4.6830758169411023e-29
4.675832010181684e-30
6.061416449848549e-41
6.683250071829336e-40
1.0765817377977023e-33
4.271406197466381e-40
1.3204020259378066e-37
1.4169603239443677e-32
2.7269427491463907e-40
1.4871166923044142e-29
2.4443505043145173e-41
2.352541818222143e-37
5.510741929495969e-33
1.4871166923044142e-29
3.127210197598334e-34
7.222393109098503e-36
1.2343432875028215e-33
1.2693010387497938e-35
1.2779021887788606e-30
2.94643495581384e-35
1.9349497995311353e-35
3.8974700971586787e-35
2.130398259975682e-33
5.8335452526895765e-31
1.0825254838343905e-32
9.576991084391143e-36
1.7222872767832252e-38
8.994275524538998e-35
1.6208313535167483e-32
4.1391597039572e-32
4.481734321747504e-35
7.424216310459924e-37
7.424216310459924e-37
1.1096705630495825e-38
4.727137809332586e-34
1.1400971483547133e-36
5.510741929495969e-33
4.1391597039572e-32
2.2263760517181793e-35
9.844378228052427e-31
6.0519328301152315e-30
3.610865811175748e-30
2.4241510882761833e-32
1.9349497995311353e-35
2.5613813350241587e-35
4.202881900355126e-33
3.1673356159223007e-40
2.1200144750788114e-32
3.450066059736533e-31
3.17254610355878e-30
4.101549665535109e-36
4.7256430663392384e-36
6.208149772950406e-42
5.152954689736542e-35
9.576991084391143e-36
3.6216268252735596e-32
4.487311016047425e-31
3.450066059736533e-31
9.388689158066479e-34
8.994275524538998e-35
3.9616399497751185e-39
6.396940636167969e-38
6.2224330766810946e-34
1.6900961338254744e-29
3.3889594727456166e-35
6.164556413655914e-39
3.589416885546977e-34
4.675832010181684e-30
2.0206009464674864e-40
1.799528706229706e-34
4.6830758169411023e-29
2.5613813350241587e-35
8.266205365448592e-33
1.7879062360526342e-43
1.1874149743316097e-34
3.5746152172802474e-38
9.460164908461053e-33
1.7879062360526342e-43
1.0765817377977023e-33
8.551163022110717e-38
3.9348967069268583e-31
3.6232901777522126e-37
9.88489267184507e-38
2.1200144750788114e-32
4.675832010181684e-30
1.102613765719376e-35
1.0765817377977023e-33
1.4169603239443677e-32
2.2263760517181793e-35
4.1391597039572e-32
9.844378228052427e-31
3.099460610383056e-28
3.024603111070805e-31
2.7241884518625367e-34
3.310138433916396e-41
3.310138433916396e-41
2.324690714372162e-36
3.099460610383056e-28
3.127210197598334e-34
1.859020733513582e-33
5.574307623648828e-37
1.8538085231262756e-32
1.2849444425657456e-38
2.150201648650729e-30
3.6216268252735596e-32
2.5613813350241587e-35
7.579954709134017e-31
1.6580383827933886e-30
8.551163022110717e-38
1.8882671144752362e-30
1.6900961338254744e-29
1.102613765719376e-35
7.829192089589614e-30
7.222051478009615e-33
1.0765817377977023e-33
2.1932881137188228e-39
2.324690714372162e-36
2.78709291021643e-30
5.316426036580862e-29
1.859020733513582e-33
8.196329639239742e-41
3.17254610355878e-30
2.6512842236505096e-31
5.404678627544823e-32
6.30901956142859e-33
1.9349497995311353e-35
6.650068760864613e-31
4.829269388821367e-37
8.638811460768849e-31
2.066512327666018e-34
1.8775261286477415e-28
1.4150500924660617e-33
5.423826612639057e-34
4.124672927952467e-29
5.152954689736542e-35
1.455702545850238e-30
6.270865554252564e-36
1.3696177849785138e-31
1.2779021887788606e-30
7.222051478009615e-33
4.487311016047425e-31
3.6232901777522126e-37
9.88489267184507e-38
7.579954709134017e-31
5.8335452526895765e-31
7.396483739872109e-38
3.099460610383056e-28
6.30901956142859e-33
3.099460610383056e-28
7.05367095319022e-32
2.1235049597010413e-42
4.829269388821367e-37
1.2343432875028215e-33
1.1216813455768839e-30
4.1189217424266404e-45
2.1200144750788114e-32
8.317286356907101e-36
1.0006136859370533e-28
4.727137809332586e-34
4.101549665535109e-36
2.816086464935664e-29
4.675832010181684e-30
1.7844378267442066e-31
3.099460610383056e-28
1.6580383827933886e-30
2.6512842236505096e-31
6.17474577955707e-32
2.036445542443809e-31
1.9349497995311353e-35
8.056719033632248e-32
1.102613765719376e-35
9.88489267184507e-38
5.923978032661744e-35
5.116652427090275e-31
6.17474577955707e-32
1.0123424522416439e-29
3.099460610383056e-28
3.0896606031293124e-38
2.441092677049988e-33
2.372816333566574e-34
5.3198947878100256e-30
2.7967564035207554e-33
8.566448379881552e-37
2.4241510882761833e-32
1.3696177849785138e-31
3.589416885546977e-34
5.510741929495969e-33
1.2779021887788606e-30
5.8335452526895765e-31
3.669746799180672e-33
3.024603111070805e-31
1.102613765719376e-35
1.9349497995311353e-35
8.994275524538998e-35
8.90325356887979e-30
3.1985041205102025e-29
9.201277918622773e-32
8.994275524538998e-35
5.8335452526895765e-31
9.460164908461053e-33
2.4790881536644525e-29
6.17474577955707e-32
6.433500319851471e-37
9.388689158066479e-34
5.923978032661744e-35
