1.53461332530469e-09
3.11375070172204e-09
5.704894334712662e-10
5.870982588973561e-10
1.4895740196863017e-10
2.385623920631019e-10
4.960707400414321e-10
3.647255830685481e-10
9.309797377454743e-11
1.504121271977965e-10
1.0607337230794656e-10
5.841371830683784e-11
1.6208860920130519e-09
5.690858895235351e-11
3.1439795211696264e-09
1.0779777070979435e-10
6.166820387676353e-10
5.456362028866124e-10
2.046908531561087e-09
2.019817646470301e-10
6.694427234776867e-10
3.6798308844510075e-10
1.0724140464546394e-09
1.6439771766130207e-10
3.292640604612984e-10
8.853946464881801e-10
4.129785402540165e-11
2.094399986773965e-09
1.6674495117996457e-10
7.314441274886008e-10
3.344946541972149e-09
1.576782371337515e-09
2.346951522014251e-10
3.5059943837012497e-10
1.671284222126701e-09
1.326987963956583e-09
3.05382608090099e-10
1.4335198583736997e-09
1.0824918739160694e-10
1.139502492364386e-09
2.258606635052729e-10
9.165646019937412e-11
4.76791162107304e-10
2.074919347450077e-09
1.1466538829552064e-10
1.505263136358792e-09
5.156906013326079e-10
3.078471255690829e-09
4.199722791753402e-10
2.0453649884899505e-10
1.7229262461171402e-10
1.8797582379548317e-09
1.7192478551919521e-09
1.2925780445982582e-09
7.101945698195777e-10
2.7851289052804873e-09
7.923706135670727e-11
8.634618575698028e-10
7.789269229618867e-11
1.3146783661710515e-10
2.34629637940742e-09
9.938478928717132e-10
1.4235499445902633e-09
6.973107646857102e-10
2.5547275406268e-10
1.1869871752168137e-10
2.3183965858208921e-10
2.7583901829331126e-10
2.025836165486794e-10
6.409502928406141e-10
3.1062097338718786e-10
6.837330701614519e-11
1.2165508600503472e-09
8.409561935707188e-11
9.395617617258267e-11
1.6576051642402945e-10
7.30295823814231e-11
9.270082479417852e-10
3.2506164426848727e-10
6.84428735908682e-10
1.1300068658570694e-09
4.46599646153345e-10
1.1504113217597478e-09
3.1387303867091987e-10
1.5505521311354187e-09
4.82221595987653e-10
2.4454882563418323e-10
1.8570311954846375e-10
2.5713168261276564e-09
1.784541403537787e-10
1.9591017696996005e-10
3.015733218703076e-10
2.6017066279138135e-10
3.3914171471138843e-09
5.671177971677821e-10
9.045443283284271e-10
3.5149283483804084e-10
3.414292182313261e-10
1.5822332333215172e-10
1.731409238203696e-09
1.310211827920682e-09
5.138292014095214e-10
3.146227833816795e-09
1.5741441483640983e-10
1.458717924229802e-09
2.3022539430428424e-10
1.4132561787505438e-09
2.6508714112694065e-09
7.614826547097664e-10
2.068686666412134e-09
3.792568481486569e-10
1.459808163239984e-09
1.0493284019474913e-10
2.0573864834005917e-10
2.8971475218853016e-09
2.057182535430968e-09
2.611252880591053e-09
9.013103596799965e-10
7.522615863564397e-11
4.168354550415643e-11
2.65925059750316e-11
4.266393904828192e-10
8.227991621367892e-10
1.7315970879394627e-10
7.975695659467874e-10
2.7624607046305982e-09
1.3792156305925118e-09
3.1750724271972786e-10
1.5583856427525689e-09
4.3314130060423395e-11
8.365635961737894e-10
3.220953503912938e-10
3.9780168048508813e-10
2.707744473084972e-09
1.9953644292414197e-09
7.273845969990589e-10
1.4590187946694755e-09
2.596098891416432e-09
1.1248734166358076e-09
2.5303314998836868e-11
4.0658398869908297e-10
1.2514962399734486e-09
2.2533808152758183e-10
2.41109332499434e-09
2.946371702172712e-09
4.939798570191556e-10
2.2742030481026632e-10
5.038914840937991e-10
4.26315538426536e-10
4.978641943154116e-10
9.589639082818735e-10
4.839550982183027e-10
1.2580072539236653e-09
7.176207406089929e-10
1.8261858691914767e-10
2.9388700362176223e-09
2.3395655412983274e-09
2.0274703027567398e-09
8.354783531672183e-11
5.836500172051728e-10
1.1117773368596318e-10
1.2414080874378897e-10
2.557991596319198e-10
3.223259437135084e-10
5.428657523509628e-11
9.785938726025734e-11
2.516900798887889e-09
1.1463152649326958e-10
1.495612522717238e-10
7.275453572930246e-10
2.347491090404219e-10
3.00794722463138e-10
3.033924667050769e-09
9.098577447019807e-10
3.775629808799863e-10
1.1334777560989551e-10
2.428285905686778e-09
1.076163824720311e-09
1.5169542288973048e-09
2.5133877201710675e-09
2.253333408752667e-09
1.124645931938062e-09
1.2213796640736518e-10
9.934543188094835e-10
1.3731205061873197e-10
9.67733893020295e-10
3.537149462218281e-09
4.0624015262835655e-10
8.171452403615831e-11
9.390799249331394e-11
6.852074463381541e-11
7.181744088313735e-11
6.6953664834557e-10
5.922429213711666e-11
8.718937793972259e-10
2.65823663081477e-09
2.0924173504965893e-10
9.402234546485033e-11
1.3900839368474749e-09
3.793829694842543e-10
3.4113645241973245e-10
2.922602160282395e-10
2.5205627585123125e-09
2.506603147267583e-09
9.182932192430826e-10
1.200468391360232e-09
1.9895929348479058e-10
4.034991230028595e-10
8.832236053635256e-10
2.9154361147476493e-09
1.8208468066660544e-10
2.804448007154292e-09
1.9081648483521008e-09
1.403666627375344e-09
2.0111988741078335e-09
2.646851626764146e-10
9.316830640315743e-10
1.843159180836551e-09
2.8695440468240463e-09
4.803758502092137e-10
3.0074618351250137e-09
8.237781567999036e-10
2.1530832672311817e-10
2.8259994344637107e-10
1.3330013759471626e-09
1.1324141624413642e-10
5.831454208404807e-10
5.598582708543631e-10
4.164706690623632e-09
1.8891831432554795e-09
1.409606653623996e-09
2.0903816455586366e-09
8.390791395029851e-10
1.5161435440447235e-09
7.402700674674634e-11
2.4424573474846056e-10
1.9342499824048787e-09
2.2014898792832582e-09
2.5743377429776615e-09
1.2566637730415664e-09
1.1302292435289019e-10
3.7942604613760977e-10
2.339327065392638e-09
3.307479845560124e-10
6.680256348090552e-11
1.0898315583318663e-10
1.2876377741832812e-10
1.7934043139433697e-10
3.115352420479667e-10
2.9187974259770044e-10
9.669692824232357e-10
1.6609646991128102e-10
2.3215207534121873e-10
2.049768133005614e-10
8.420775188255902e-11
1.6420220738666558e-10
1.802290428010167e-09
1.1429368562687614e-10
1.936056870377456e-10
3.2700286922704436e-10
1.7289680798171503e-10
2.6299677990948567e-09
5.392031265927244e-11
6.605382907309831e-11
2.2185442372091302e-10
3.1695049917956908e-09
2.228450424190953e-09
2.69855471302094e-10
1.0647436265998067e-09
2.6255289053978004e-09
2.8775232197020273e-09
1.1759268003785905e-09
2.5765634070751275e-10
1.2050427322662927e-10
2.3899793255566237e-10
4.0289038771845753e-10
8.645729687728476e-10
2.785992214704436e-09
2.4974819989864727e-09
1.8064727491662325e-10
9.606688777807904e-10
8.448514110526162e-10
2.308863100708436e-10
3.228970424373756e-10
1.984530317855615e-10
2.441106206063637e-09
1.0746037393261076e-10
3.972698836562927e-10
4.160471966940804e-11
2.1289425777837323e-10
4.1537795425483637e-10
2.6531976615729036e-09
7.097302745506795e-10
9.324296890156347e-11
4.614746584863383e-09
1.7574630639671796e-10
1.1586339665470291e-09
4.4670267485003023e-11
1.8031566240139796e-09
2.818317801356329e-10
7.252276557068171e-11
4.981665080450171e-10
4.623109228774069e-09
6.101038563244288e-10
4.1924674842874765e-10
2.795251807796717e-10
2.8896174342207814e-10
2.2889246054091927e-10
4.229527839072489e-10
1.5063821301453117e-09
8.73189298644661e-11
7.14562631287663e-10
3.68247432547264e-10
3.428716199849191e-10
3.8056224838101116e-11
2.5114799129255516e-11
4.20227630471004e-10
3.555278293987385e-10
2.0794288513314996e-10
9.333356310037288e-11
1.6139853897811918e-09
6.333544799730362e-11
1.2912571012435592e-10
3.5592129243866566e-10
2.1653023818402062e-10
4.2770664787639134e-10
2.4370420126373915e-09
1.86718307482181e-10
1.0293381702553006e-09
7.406318891511887e-10
9.806520040456235e-10
4.09779610244243e-09
1.0342448009126315e-09
8.626795944266519e-10
5.722748941394684e-10
2.993913783555513e-09
7.861622464133688e-11
1.4318212171460232e-09
4.917343199295487e-10
3.4808667059849085e-10
2.1134960448421225e-10
1.3848059365884069e-09
1.5425682953207343e-10
2.2796942111824592e-10
1.0177866327509832e-09
5.335717423449182e-10
2.116547048736095e-09
2.323044201446578e-09
2.1858825860476827e-10
6.514828676529305e-10
1.9362933478817013e-10
1.8484940245144799e-09
6.378519934457927e-11
1.2160026319207873e-09
5.693665539041604e-10
5.705549366297191e-10
3.3118637832174613e-09
1.9772254944427914e-09
8.302436516061107e-11
1.2241133662271864e-09
1.158489415509223e-09
9.941192313789315e-11
1.9341328538757807e-10
4.991904778428591e-09
1.2486924827470602e-09
1.372222335760398e-10
7.007222579957784e-10
1.226408308241389e-09
1.656185188991799e-10
2.1128387928115444e-10
2.5122981472947004e-09
4.940287068322391e-10
2.4965902678530938e-09
4.5780768065384336e-10
3.4977132301605707e-11
1.1377021547076538e-10
8.073340884706681e-10
1.675634964115602e-09
3.6807046299713875e-10
4.5419334959717617e-10
8.112520655245703e-10
1.0515601722715928e-09
4.2218073481592455e-10
1.2504064450524766e-09
1.1496904539498587e-09
7.007087132748779e-10
8.132740036970176e-10
7.707362525977146e-10
6.337237401510265e-10
7.702711801726991e-10
1.3587853064933597e-09
8.596376943614814e-10
2.93299806664038e-09
1.6468326702323566e-10
8.837901521729918e-10
1.2976986152324343e-09
2.737855608891948e-09
6.698195331722445e-10
7.166522930646124e-11
1.136768457143944e-10
1.3312609903337602e-09
1.522914461205005e-09
1.3672556420374349e-09
1.7834422827434082e-10
2.173735191846049e-09
6.986200506986506e-11
2.1552615248054963e-10
1.497866275457227e-10
3.475342236214374e-11
3.0162350395102067e-10
8.690081987339227e-11
8.103651083501973e-10
2.215411187833638e-10
2.530404774603312e-10
2.07624362147385e-10
2.864943837721512e-10
6.336374758220131e-10
9.075713514050676e-10
1.8038279758769704e-09
1.0655354376609694e-10
1.9591757105530405e-09
1.677197825067367e-09
4.620613891503922e-10
1.838506014095742e-10
3.473270560050423e-10
1.914820524362426e-10
8.806381179837786e-10
6.55352438982959e-11
1.4795664693423305e-10
1.4948142723625324e-10
9.305132220305268e-10
3.2503300051445194e-10
1.8651524769097705e-11
1.1439782454658598e-09
2.488846906345543e-10
2.1989665643928902e-10
2.97823987693846e-11
3.0180891119613307e-10
5.492791776973149e-10
3.86119136663865e-10
4.927633856510738e-10
1.6679824188514658e-10
5.3457571702608675e-11
5.336519004472962e-10
1.3228274031718001e-10
1.4831169625750817e-10
2.300756252182623e-09
4.284442800539523e-10
7.441118832218763e-10
7.499367793428746e-11
6.347239400739113e-10
1.5760648341966998e-10
4.396094599457001e-11
2.858588032950138e-09
1.5033371214556723e-09
7.983284033841187e-10
1.4289324168359485e-09
1.2592230591579323e-09
4.5647075008758975e-10
1.788051484652442e-09
2.2734114590861054e-10
3.2200009325578094e-10
4.786686602642476e-10
1.6115508927327937e-10
4.441678136402061e-10
3.1662761301731734e-10
1.2958719652900186e-09
1.3488765659985802e-09
1.662207593788878e-09
6.018934239904183e-10
1.2842089613940288e-09
7.590836847981564e-10
2.0123888111456267e-09
7.645351018936708e-10
6.349748504774766e-10
1.9534973638712927e-10
2.8426372367107433e-10
7.795575296398738e-11
4.874515235897547e-10
1.2478141853122793e-09
2.929361198056313e-10
4.132794106936899e-10
6.822818976459644e-10
6.095181026566365e-10
7.01752433940328e-10
4.013023247040337e-11
1.766634616373608e-10
4.23654444858812e-11
9.536383904773515e-10
5.452116536019957e-10
2.956027977951692e-09
7.15813963658718e-10
1.1041123570976197e-10
2.124682318971338e-09
1.0305922781839172e-10
1.1227208052133619e-10
5.213185438890378e-10
2.4403168374931283e-09
1.6680490322329433e-10
8.272403873021972e-10
4.8593795654028327e-11
1.394721782510544e-09
1.8871892937255552e-10
3.1632851893448333e-10
7.067884055800278e-10
1.379819591917908e-10
2.0659579602622102e-09
8.74839090059254e-11
6.873868141354933e-11
8.579300603273055e-10
1.366168289607117e-10
2.910321983407016e-10
2.286918432403695e-09
9.613465579150215e-11
9.363826380948126e-10
1.2997025677918828e-10
5.783851175777954e-10
1.2241816449432008e-09
3.371671830620926e-10
1.126639004311869e-09
2.8638869054020688e-11
7.037581628566159e-11
4.656933727531509e-10
3.2636526814400213e-10
1.3082260830188375e-09
1.2804884930162075e-09
8.798969330925388e-10
2.398331533370879e-10
3.067780363075201e-09
1.8408765622979217e-09
1.5042393997077852e-09
2.8895883463775363e-09
4.596993341543509e-09
2.083976768929574e-09
7.807604562870551e-10
3.6589653529262023e-10
3.55356077896829e-10
7.179119521083521e-10
4.559442490226218e-09
2.3237868296277497e-09
1.0543544926022719e-09
1.165264551516998e-10
7.644237465243009e-10
1.0578716791442844e-09
9.361444952560305e-11
1.88388749045032e-10
2.973113644166858e-09
3.0777325132902433e-10
7.327771722742682e-11
4.749998172570713e-10
7.382092714891542e-10
4.83514450699829e-10
8.533728168558241e-10
2.0626361729725318e-09
6.725057177803251e-10
1.4075973719940293e-10
8.621275915388082e-10
3.23701510041019e-10
9.751941476565662e-10
2.244574637266794e-09
1.967645602007906e-09
2.7126234591889897e-10
2.419807687559228e-09
1.3458922865083878e-10
9.184165650211185e-10
1.3988188385383182e-10
2.4253005159735608e-09
1.5903589556387487e-10
1.733790888636122e-10
8.886825719756075e-10
1.1147898160146497e-09
3.0139168938347893e-09
1.564079421534359e-09
6.621417858454492e-10
8.571254817013596e-11
2.6301760769342764e-10
6.661237117455698e-10
9.5129570887309e-11
4.6147241583582854e-09
6.206103408956665e-10
1.3504179996459698e-09
1.2561456319559738e-09
6.919762540746888e-10
2.668225973501137e-09
8.821543495685091e-11
1.3581082924929433e-09
3.187490271727711e-10
4.629179262138905e-10
4.43584502463068e-10
1.043596653538259e-09
3.255319347417185e-10
2.0136744494081427e-09
6.738940516726188e-10
1.6921064549535458e-10
5.964421179172064e-10
3.5496168226956115e-09
1.0968274066769368e-09
9.39332611693544e-10
5.374655165368836e-10
1.316945441587336e-10
1.7863077683699657e-10
1.7472258084794134e-09
2.8398575713239893e-09
1.1836583935220801e-09
6.368927607525166e-11
3.123845626618049e-10
3.8279401870511265e-10
7.873898200116969e-10
3.159557060428142e-10
1.3463705705873963e-09
2.3498969436985817e-10
7.767472220976401e-10
7.611595798096005e-10
8.74819883200928e-10
1.5057555202702133e-09
6.681206698999631e-10
2.3819501926425346e-11
1.868583288100467e-09
1.3436216583784244e-09
2.9566815662462886e-10
5.6373257173447655e-09
1.106288394225885e-09
1.899416179895752e-10
1.4360632683008134e-09
1.9624002423057618e-10
7.005052093944641e-11
1.5823559129657383e-09
6.90148160842341e-10
2.660232589768441e-09
8.393730155376034e-11
1.0776513015287037e-10
4.74359329594165e-10
1.9922278271522487e-09
1.2855616571272321e-10
1.1746627004427523e-09
3.256062086620659e-11
1.0673485428824847e-09
8.296470177526771e-10
4.691292909697609e-10
2.7732438567795725e-10
3.21151327753455e-10
1.5835958100396397e-09
6.732132629139187e-10
2.2131374510792057e-10
1.3140054599958262e-09
9.34912480765604e-10
6.850542355607558e-11
1.0203882183645874e-10
1.751668365912451e-09
8.375009574734804e-10
3.0325197908354085e-10
3.2725522292054166e-10
3.7818603804140594e-10
2.544923161096335e-10
3.2400877536531425e-09
1.1116774167874155e-10
1.1293103119314196e-09
2.759513728634033e-10
2.6429802790772783e-10
6.94950874624567e-10
4.48425629961946e-10
8.320393263261394e-10
3.5053548952390656e-10
1.5965924138328091e-09
3.715097895984343e-09
6.276689168416283e-10
1.0421719043307576e-10
7.530079892958952e-10
5.156937099570769e-10
1.6388674861644859e-09
1.2710055230513717e-09
1.734996590840865e-10
4.018395616256498e-10
1.2589119746664323e-09
4.291891286811733e-10
3.4485951871943143e-09
3.3546065925094126e-10
2.142202526478343e-09
1.1844029090823938e-09
9.963507796584281e-11
1.8000072543600254e-09
5.32851318624239e-10
9.745948492678735e-11
7.96587462659204e-10
1.0523391047456698e-09
6.193183743619102e-10
6.303058075474155e-11
5.169588090936372e-10
1.50890500094647e-09
7.330303031238827e-11
1.9912382853704003e-10
2.990996339491403e-10
9.393947841829231e-10
1.2605649857277967e-10
7.473777152711136e-10
1.1985057390972997e-09
2.213024208330694e-10
2.9474062079870578e-09
2.955710232122044e-09
7.21321447016976e-10
2.4123992803382066e-09
3.94770660605559e-10
9.140895818049444e-10
1.5320981150424018e-09
1.2534613347270351e-09
5.520115475832199e-10
2.0976442804965245e-09
2.4411250798550554e-11
6.645095584900673e-11
5.997220497988565e-10
2.5093395139563768e-09
1.7660062301416701e-10
2.5305690876109566e-10
4.199423031536753e-10
1.7108542360588785e-09
1.997303322731625e-09
1.3788015174043267e-10
1.0279579409910866e-09
1.8624191078231433e-09
1.7030121757244387e-10
1.841388153067669e-10
7.482070518705086e-11
7.094211884606239e-10
2.5579449669521637e-10
8.595596456828503e-10
1.3737613269171334e-09
1.5759559213179841e-09
1.1549639022945257e-10
1.8407042556845e-10
5.233580235852742e-10
1.1110845576922657e-10
9.727955108118636e-10
1.0142411355218428e-09
2.3419343131436676e-09
6.600602397988098e-09
4.93671992174427e-10
2.232802054358274e-09
3.9771275162081565e-10
3.761084776954249e-10
9.952116908351627e-11
9.267620004749233e-10
3.4023461825682944e-10
2.654002573265757e-09
1.2687839667790968e-10
4.3088232981602914e-10
2.612547955749278e-10
1.7363788185065232e-10
1.4961263339330344e-09
2.6658064644635715e-10
1.8648593780312694e-10
4.5543169235884307e-10
3.1330082972402806e-10
7.800526891088566e-11
6.32333296834986e-10
4.2231906860479285e-10
1.850555264581999e-09
5.71957703421333e-10
1.5234691286281077e-10
2.500988305342844e-11
3.127442749217835e-11
2.5811580650625388e-09
4.213124293883652e-10
2.075861704753379e-11
1.645405256489596e-09
1.195206711379626e-09
3.2252966963852714e-10
3.11632053495714e-10
3.710380891419618e-10
7.246259148274703e-11
9.338141371273423e-11
1.7804224761164278e-10
5.74975733691474e-10
4.048582580296056e-10
2.308720103982864e-09
5.49754464174157e-10
5.54716828027324e-10
4.70093075577438e-10
6.948909225812372e-10
4.113489548984717e-10
1.2970462481831646e-09
1.1141745304144024e-09
1.0883272061334992e-10
8.971462461815349e-10
6.085048021020611e-10
6.575995303848003e-11
2.3824680006612198e-09
4.1563419372891985e-11
3.750650900968822e-09
4.1922276761141575e-10
2.963605583161666e-09
5.85291926036291e-10
2.263344067721107e-09
1.3994494452163053e-10
2.934748000171794e-10
1.022287809959721e-10
1.0430900587721226e-10
1.7821921716176803e-10
4.1521808213929035e-10
9.421544655552339e-10
5.169372707669595e-10
6.251963391434856e-10
2.094064921465133e-10
1.0920697679495106e-10
3.437359286095898e-09
2.6780977435691966e-10
6.796938567532607e-10
1.6979108119485886e-09
3.4869240828072634e-10
4.83040607512919e-10
2.883866478953223e-10
4.119845575800696e-10
3.5697123035305367e-10
9.703502446001266e-10
2.115157937687684e-09
1.1915665121264851e-09
5.222603460808273e-10
2.60910626437294e-10
1.7461954104902588e-10
4.532196840045799e-11
1.8818957503441425e-10
7.428097026362934e-10
4.3602044197399437e-10
3.976767803948178e-10
2.477918314980343e-09
2.8222859604909445e-09
4.326140667920697e-09
1.498014157164107e-09
1.1136569444403221e-10
7.944558344519237e-10
2.923194131199125e-09
1.0796149529923582e-09
8.630725023550667e-10
3.5247260665727254e-10
1.6399674951372845e-09
2.969824386411801e-11
3.7173697453596333e-10
1.8269308288410002e-10
7.474765251203053e-11
1.0232226177464554e-10
7.933281809258119e-10
7.648126576498271e-11
2.0180481730136535e-09
1.6636048094653688e-10
1.6664603030847047e-10
1.9178779675499413e-09
1.3895303796473968e-09
1.2958518702532729e-09
8.514162708195272e-10
6.248326300806184e-10
2.3946228333571185e-09
9.914258303211909e-11
9.188878546950718e-10
5.682059267542172e-10
4.5068715426310746e-10
3.5043479229557306e-10
2.6513904405334188e-09
1.0731437960487256e-09
1.0717260412462792e-10
1.219679024444531e-09
3.482364396845128e-10
1.671962568394747e-10
2.4243995699890775e-10
5.568268068856241e-10
2.716573632710606e-10
1.2740630772611894e-10
7.754952235927703e-11
3.4459592956892493e-09
1.113376280059697e-09
3.524496250406628e-10
2.7073221442464046e-10
6.044807987493073e-10
7.061439211142329e-10
1.72513314744549e-09
1.369737656631287e-10
3.2464528842979234e-09
2.1978672215539063e-09
5.865377072922229e-10
4.158971944612233e-09
3.699496264886193e-10
1.3862579972823141e-09
1.87552828823101e-09
9.089829999808785e-10
8.098938186762439e-10
4.026251554378746e-10
4.190342517418344e-10
7.251445000022727e-10
9.220157970446508e-11
1.7262524742989172e-10
2.35855002195251e-10
5.226120647350285e-10
3.827650085774792e-09
1.464548482488226e-10
4.898326189106683e-11
4.066158520998897e-10
2.621792782875332e-10
1.2720223763196259e-09
6.3640870351378e-11
6.22646489922829e-10
5.6479376731033426e-11
1.5706702605200462e-10
3.6780001266834006e-10
4.476760073757191e-10
1.1981415859452227e-10
1.8866065376599295e-09
3.204112530852399e-10
1.5276034881495093e-09
4.2779613185217613e-10
1.2960565953790137e-10
1.6247523326740065e-09
1.222371093234642e-10
3.8138003866095005e-10
2.8880298152955675e-10
1.6272660996463628e-09
7.735913021278407e-10
2.9051820948922114e-09
2.889580796860969e-10
1.7854445699683197e-09
1.0540072148401691e-09
9.979582715757829e-10
2.7463166185626164e-09
1.0359522129022025e-09
4.2422854118484565e-10
2.0438426506785845e-09
2.1729973376238831e-10
4.430962263768379e-10
1.7449930389545898e-11
3.1807945166661966e-10
1.5675817310878415e-09
6.085154602430976e-11
7.632616760844257e-10
1.8103568644178836e-09
1.8794529266230597e-09
1.0404199723978991e-10
2.50025999903869e-10
2.850887304006733e-10
6.659828244437449e-11
1.6793066937026424e-10
1.8358129461049089e-09
1.6942051095369948e-09
5.923780355132635e-10
2.916850316836417e-09
6.125673301937695e-10
3.0817781659919774e-10
5.132139158092741e-11
6.794353968331279e-11
3.336664389230748e-09
2.0555246393882953e-10
2.2926784915000553e-09
1.6969714522474533e-10
2.3704433971261096e-09
2.122339526344774e-09
9.024015978909006e-10
8.33668134525567e-10
3.288823657854323e-10
1.2583173392144431e-09
1.7497567839086514e-09
6.384379691581898e-10
1.8103996080043316e-10
1.0837508668259943e-10
1.9683832341854668e-10
2.0604855599515304e-09
9.690852564858687e-10
1.7249357497917117e-09
2.4616718663494908e-09
4.960210020499289e-10
2.2447100844757983e-09
1.2680162475575685e-09
6.92088164555571e-10
7.028655435448172e-11
2.2174161395938086e-09
1.873038391053683e-09
9.330280992259077e-11
4.4034331736497734e-10
8.087064351514073e-11
9.539161682781128e-10
6.375756589349635e-10
1.1435263846948374e-10
3.5262959219295453e-10
2.3956103767375225e-10
1.3545298216399715e-10
1.5707662948116763e-09
1.4536982728685643e-10
1.9576273935228983e-09
1.1522238718697508e-10
1.881205746734338e-09
1.6728651797137672e-10
6.951283992862045e-11
1.1976523106582704e-09
4.168297929041387e-10
1.9936375883489177e-09
1.6331580532380485e-10
7.451338435160437e-10
2.9626290309892056e-10
2.8834677978650802e-09
4.1416037266372996e-10
2.7162017079973566e-10
5.319601426023723e-10
2.212597660644633e-09
4.4794901121747444e-10
2.618099292917009e-09
