7.665340567003335e-99
3.5783729091356714e-116
2.5793036870487997e-86
1.2652395686808227e-104
1.4684867883173096e-93
5.041539934330017e-111
8.545218879529022e-123
5.795418222525425e-132
5.077122226966271e-89
9.235931582332636e-102
3.9418998419661454e-116
4.2718610651505354e-89
5.480653810637969e-93
6.142175873772332e-98
4.930590707169121e-103
7.330340007410295e-98
3.7765246966095346e-103
3.755445294890035e-129
6.167904680286375e-100
1.1012502523436612e-125
2.03876453464821e-106
5.548737745806499e-113
5.903908359616913e-97
9.87424767915821e-104
5.98978366692875e-110
1.6912097813133658e-125
1.0144572401110439e-99
1.1990321562461318e-100
5.677181798416614e-121
9.869631257435566e-88
2.314689673051412e-109
1.6355769314600357e-109
2.7862904913776675e-81
7.7092151416074905e-118
3.3800581739800824e-126
5.171418488960477e-109
2.7693578270363733e-96
4.255820684691248e-103
7.562283906331212e-99
1.6003016936649381e-93
6.575560957412429e-79
4.967142828950994e-98
7.091088988990808e-104
2.466332597035072e-108
2.2613318246152487e-88
1.894828304673061e-100
1.8852720291020214e-98
1.6888840343067824e-102
4.742921353136405e-135
1.0218576798433432e-111
1.245233459425622e-94
3.949921514782419e-104
5.2240093750872105e-115
5.5109467581001556e-89
8.339018468331922e-113
3.0985007781300347e-107
5.7996610638710007e-123
6.27835905147109e-100
5.886205580152574e-115
5.684742774907449e-114
9.054674297084682e-106
1.328767671057361e-120
5.761342504669945e-101
4.406969847029106e-118
5.944883585913571e-97
1.4639678009216661e-97
4.572044725905508e-107
3.1017501916267026e-118
8.699271776278494e-106
3.3091926322872397e-104
6.751613898122742e-91
1.2612742806047821e-117
9.145457018204904e-110
1.3368735813276094e-101
3.376245334969663e-96
4.40209405716213e-115
5.588721314678312e-104
2.0105281715153053e-100
8.488204397689182e-99
1.4203969643154603e-103
2.2207879370614493e-114
1.1494541134200684e-98
7.31890252652874e-116
8.295062763742616e-83
7.073119896474629e-133
4.208173946244884e-110
1.9722631438253992e-115
9.685020802628258e-112
2.362489330877205e-115
1.9989671301696003e-82
8.040473638599177e-119
4.573339265187322e-92
4.5131550976573115e-90
6.770901277502667e-119
9.281837277640528e-101
2.8144257964766323e-102
7.363288517988864e-117
3.671931244205215e-134
9.540145999383053e-94
3.99673080787447e-122
5.987555213484953e-101
4.859363409191888e-122
2.9783877810347874e-91
4.3578460951893443e-106
5.088890424180974e-103
3.6286679317717644e-92
1.4503910541121292e-96
1.1439214727206041e-108
1.988955156965398e-121
1.8083967719298193e-101
8.274448558846931e-91
1.2588467685918014e-95
5.319527246294658e-96
6.938916309870168e-113
2.0679694209883376e-127
8.857701641823213e-117
1.9415982254679862e-129
4.83193593505382e-146
9.775897978036819e-112
1.1606973161766417e-100
7.986184479291212e-110
8.516566474109682e-91
4.80484448322649e-81
6.807925788363116e-103
2.499682372537049e-105
7.147830816107635e-114
3.809988031116751e-110
2.7898032822445396e-121
1.6677825234139094e-123
3.76270401243544e-95
1.2337469042917335e-108
1.1771344538925044e-109
6.8276658926633715e-102
3.152960223232419e-114
2.160364966741179e-128
4.235223693419075e-124
4.988896556344524e-97
5.2455835029053564e-117
6.730222816033747e-98
1.0043889086476265e-96
3.961697758200597e-98
2.1324234657172134e-103
3.674673720630799e-126
2.3547539918802602e-111
1.9005376604746044e-100
7.482999379054788e-101
1.0928774736147281e-113
1.3425889782959914e-115
6.54047466810443e-110
4.911725621825277e-107
1.6767839035545166e-92
7.218318306218349e-127
2.692179916262135e-96
7.7368428474884e-103
7.308327017120895e-98
1.8556954478476563e-113
2.4707931661175324e-108
3.8815611983420984e-104
1.5227894358484202e-102
4.796185764998913e-97
2.6249765328517694e-108
2.3796818674825587e-92
1.2478941313912344e-97
8.793817273637418e-104
1.2063879422597452e-99
1.0130130406586426e-103
5.2855461087382945e-118
9.42511611406079e-110
1.5871199605516618e-100
2.9206238390572095e-114
2.7721016626134145e-97
2.4572818774156525e-101
7.467325470150567e-96
2.457078124462247e-119
5.818832122899913e-101
3.322527301340364e-112
1.0768407902405295e-116
4.5321047742954796e-117
1.7925808303477873e-94
2.6780658711921565e-104
5.138107648978006e-97
1.6568980005867208e-109
6.90359700052231e-90
1.6708997760770236e-81
3.7087556415656716e-112
1.9109978937243744e-105
1.4908081758076226e-104
1.1090387079332593e-98
6.601585946950637e-95
8.626586871899687e-109
7.759242841822617e-86
1.4625726709105521e-115
7.690424167407128e-107
3.4428801496347483e-96
1.6225560122750242e-97
3.465868102383852e-84
3.687243419696117e-106
1.015229770644455e-112
1.2006420010024403e-93
1.116169920365395e-119
2.0725469496687668e-125
1.2753278403170458e-109
1.0739424991887963e-113
1.4334512912415314e-88
5.180959593798785e-105
8.617000291451457e-105
3.921392099539843e-98
2.265934271794716e-120
1.0924418318893384e-107
8.963427047364753e-112
5.430311353701285e-99
1.389911485239195e-100
2.793605545116096e-107
8.065850869043286e-90
1.68823709613645e-143
8.211800937891286e-105
1.40644665354066e-107
1.8339114506747043e-109
1.3437170530551945e-97
2.791798653606526e-115
1.94674979637872e-101
4.1254557631822965e-116
2.600231375184019e-118
3.2480827502206614e-90
3.7547678105672423e-91
8.699052914743606e-100
7.108880075461915e-85
1.4906153298118614e-108
2.4950216554534082e-118
5.007418448343223e-109
3.999313048417185e-110
1.108478174843052e-100
6.169821987526375e-95
5.822981634281087e-109
3.9827965112495574e-123
2.6089159957145887e-106
4.2923866776916815e-111
2.1228085582298922e-117
1.326004779723565e-89
2.3205630524018393e-110
2.707017035611485e-112
2.9541888600902855e-104
3.8314761746447266e-113
6.795233288393973e-107
1.077650973403947e-88
7.131044706332778e-110
3.8013058469798707e-91
1.949078273016484e-93
6.601960422023433e-128
6.213391255329885e-119
4.1552707049119965e-110
3.791141730379439e-107
4.657334222325362e-91
3.2708297023936853e-109
3.6483481336216436e-92
5.79088708265862e-101
9.270819949976786e-84
6.773937467906188e-99
1.7309225632859293e-117
6.320036536164799e-94
1.1070783702929663e-106
3.0797827208758296e-111
2.641249382161749e-103
1.3714885100734553e-90
5.152317719427566e-113
2.0510965454050028e-128
6.54429251503574e-111
5.3879186108169824e-102
3.7985438941629815e-105
7.862678327512936e-123
2.1604763714243756e-94
8.431331491670669e-97
6.869970231198901e-109
8.506519160043185e-124
5.263284866007592e-118
2.0204581508171592e-107
8.128424511562542e-92
1.716933908155492e-115
1.1645247047556796e-121
4.732424297478067e-112
5.771206688515493e-106
2.7118701926717865e-85
2.988287115788639e-114
1.9070190678658892e-108
5.172694261001242e-104
7.103928798741463e-113
8.951674545604514e-106
9.60077158945703e-112
3.690999808573325e-95
8.193773247052175e-126
8.785738620603552e-139
1.0147268232107898e-110
4.362817097752973e-108
5.128416981542535e-116
1.5475919311794193e-121
1.4923925946951424e-102
4.193592000260058e-115
1.1526968242175877e-95
2.793376738890603e-111
1.038199759302316e-104
1.228882253636739e-118
6.764157839076748e-130
2.8493359125840403e-114
1.1905064682732396e-124
1.743944262952117e-104
6.440616501481535e-107
4.3066231128106964e-100
2.1540031693352284e-120
4.293669820386965e-105
2.8985665139213654e-99
2.102552339287126e-102
3.513159725752391e-101
9.057216643795796e-96
2.586938791485767e-118
3.20715743274242e-87
3.3350438440175357e-110
2.1459150560122654e-131
1.4110450649071264e-115
5.304052843062528e-105
1.2878789669007445e-123
3.302561495441893e-113
3.3539853743866444e-96
3.5151147477437605e-113
1.3896568276478824e-102
1.1156736498565778e-89
7.068627638595066e-107
2.6451376430910703e-111
2.913726784309804e-106
3.0388097951423707e-118
8.205626536550549e-118
7.165421589856389e-91
1.8717107182139122e-105
6.725296146676946e-91
7.327968685615779e-102
1.6086315997715976e-108
2.9168380874452633e-95
7.152124848857011e-107
1.8558356099297414e-95
1.1561071392745098e-88
6.723339732585252e-93
3.953799264408239e-116
1.0360404090302662e-114
5.843711928068227e-107
5.093209960861128e-108
8.720169677462705e-94
1.1285765510945798e-110
6.337852290387089e-108
3.631050622821096e-99
1.0365575252521718e-112
3.743433865573563e-101
2.995851536541969e-76
2.2836901750532866e-116
6.240219729143163e-116
5.1013397339893025e-113
6.551389287536802e-104
1.295777082474265e-116
3.657744376401519e-113
1.0187878517201435e-101
1.043636666039199e-111
7.75677558658971e-121
6.910239348317744e-95
2.2242130756158715e-112
1.0775676762300061e-100
9.704814278367561e-117
5.6543230698853415e-96
3.0677681333660025e-97
2.5730633355072272e-92
3.6545243755189114e-102
1.2193285246167723e-97
2.0399278941165108e-94
1.2672978110967318e-90
6.3684636620959415e-108
3.0710469902079026e-117
2.486174079535019e-104
7.244051126297082e-79
7.98275922414132e-96
2.104330838109042e-93
1.3537268511117727e-112
6.311034952696094e-106
1.2876006685420744e-116
1.1932567399209996e-110
2.0409234122480813e-101
1.7999822777161986e-109
2.9341425575505385e-92
1.5466443424644602e-91
5.487288559017434e-107
4.814314439914917e-108
7.7116355891704e-95
1.3966007032283709e-111
6.903982730891145e-124
1.2144876398911251e-104
1.7154498567415344e-110
1.6213875026109342e-100
2.5452946596315505e-91
4.935027795248149e-113
2.7397858950936162e-93
2.4475618857181896e-104
9.924628413277801e-102
9.351841863477982e-84
7.711069055220554e-105
2.1545405957718183e-123
1.0538414276763923e-100
3.9793433344094377e-109
8.826966225630314e-103
1.2656581754862533e-97
3.721565437721773e-90
7.530026624941983e-107
2.4827274948248256e-108
1.283675078677353e-97
8.069669261340768e-105
1.295823347821674e-108
2.0908350882639257e-94
2.1735041773879205e-94
1.7073945588424825e-101
5.2178444033276335e-90
3.5495803530566085e-108
4.4501706273041153e-97
2.9144429258687187e-104
1.7422367424163735e-107
3.517418837870667e-116
1.8691486248582223e-114
2.0679158995563723e-132
4.638371543549226e-103
1.963459097674734e-106
3.0415594561506943e-118
3.707253909612073e-115
3.375470596694346e-110
5.835703035854209e-119
1.9643414908668478e-95
5.156373258361196e-94
5.268893115691901e-109
1.0310299819651534e-108
7.036011665158947e-95
8.320197856451437e-114
4.143729553971535e-111
1.2362947758622614e-119
7.565153814363048e-104
1.9627098127375286e-110
2.9061460097656855e-83
3.237865437347605e-99
7.723199862247369e-99
4.530931207692284e-95
3.536694239685504e-97
1.816674877843732e-100
1.6993005441649794e-100
1.4107701535561704e-90
1.7516272023349087e-101
4.57617670052665e-107
1.837315769843138e-94
5.9863316501635056e-92
7.145677180929862e-114
1.4688313648932797e-109
4.542026399616958e-86
1.0858821445703872e-107
5.319919243180537e-109
4.8812452987005684e-89
1.2999294741176922e-94
5.711454158248132e-115
1.366677155787885e-115
2.4366883095020555e-130
1.2725020659271153e-101
4.8597699917763474e-113
8.146475095636238e-98
9.817539683349122e-107
1.7145277645767705e-116
5.895759334009092e-100
3.0989641437953217e-103
3.380998449932038e-91
7.993975881800094e-93
1.9787057712622072e-113
4.2690994140721455e-95
4.5883666910429275e-130
1.8382193150702106e-111
2.119414451954286e-110
6.206508980675341e-110
4.8884362614627897e-116
4.25835150191277e-125
7.094705145236261e-97
1.1094791467204652e-100
1.4744853323924776e-114
7.975700408035882e-115
1.3999058546847362e-104
4.9102468646776484e-107
3.688776124126866e-102
3.359210017060695e-102
4.107801425604816e-108
9.275848027200974e-110
1.427396239532219e-90
2.2840190691283607e-97
7.971174676405681e-129
1.0248483412163145e-115
3.1357574050438885e-113
1.1798499187423367e-90
1.3639502779233558e-106
5.343797380717233e-107
7.349566391771159e-106
6.546264261737312e-111
2.334201238448361e-118
2.7582370465740972e-120
4.213423656467383e-116
2.636067332481417e-108
2.830865189338374e-107
6.06552446358011e-101
1.8071890433311825e-94
2.4419430135416654e-108
5.405934190354263e-87
2.7848133715424595e-138
2.6987066228581017e-124
2.824904449254505e-107
2.8689636366531983e-98
2.391876713009744e-95
1.77591737952956e-110
5.072248459875604e-110
3.319253755111315e-97
7.159526946976136e-96
1.6817941284689217e-129
5.257276629227305e-100
1.6641199527533517e-116
2.3312516545105265e-112
3.176753122487958e-119
9.959161842048332e-103
3.4347671545613304e-101
1.0782707733131554e-95
9.411551971827914e-108
1.7257359375110792e-97
9.644671360093371e-107
6.178169722588704e-97
7.636024144770679e-106
5.489526525777977e-97
2.11580154584142e-103
2.6045357799382073e-113
2.2490501602455634e-113
6.983392427600241e-118
4.0279170129831195e-112
3.140129099157523e-100
8.011534982566392e-116
1.181706292520252e-98
3.0493166812037508e-111
1.3625414186226744e-130
6.442483916757587e-91
5.468703645072587e-85
5.939384257997564e-112
3.265121303877301e-119
1.045124281976571e-115
1.6944406863106983e-87
2.2505618719805395e-108
1.8940985359420363e-114
8.675983890599555e-111
3.0797848036617774e-97
3.646858376394954e-97
6.6567165135754505e-108
8.895504898329541e-110
9.344328531833175e-94
9.980243062034736e-110
4.709016837664315e-109
8.050119373970351e-94
2.6399569003389733e-137
4.453810877268137e-109
3.023079392038013e-95
1.4515079698857466e-117
4.794845727380175e-104
4.012250149092949e-113
2.125398816022727e-108
1.589152540416991e-95
7.6084863118469725e-106
4.732807483839988e-95
5.753680775491471e-114
1.9295582663341485e-104
3.240997096198972e-108
1.0317520241863508e-113
8.506190442781298e-103
3.0045971013211457e-106
2.3469866677732988e-126
1.01592950507029e-115
3.554130268813064e-94
3.48496867758559e-108
4.4134279563117485e-121
2.5594846814648194e-123
5.996130685986208e-122
1.1338389141195333e-92
3.277747363107982e-106
8.88435073070771e-115
1.3347792438791722e-105
1.846493667747736e-116
1.3476474402671729e-102
1.3525357848314133e-124
6.110348095062221e-118
1.0320559349665097e-120
3.926437321403869e-105
8.852278681471955e-115
1.75714484973082e-98
1.0965367157175761e-100
3.877303939929017e-123
1.5325202651685812e-115
1.1860542349424607e-97
1.3650147915211689e-87
1.0254080005598666e-90
2.3455971321213132e-119
4.443143322730207e-99
2.0617617602812942e-95
7.406840117108838e-101
1.7593319497083098e-103
1.6786346187015621e-93
7.602528009935649e-115
3.660180322458027e-114
6.796236049583107e-89
8.929995951525752e-92
4.940736577691206e-81
2.3742702100741014e-104
3.5796790892489186e-110
1.6910033028447552e-122
4.5775548550267455e-107
3.5586328826876436e-109
2.4687673162634667e-115
2.171810941297096e-114
4.445704749058754e-122
7.994851221094204e-103
6.35282624463045e-129
4.0888049318220845e-98
5.073597831256626e-103
5.085460497911115e-121
1.1781586801628938e-101
8.082987256317696e-110
3.0100298138768786e-106
1.0211611119246644e-114
3.0389929821670254e-96
3.908077787620029e-109
2.659053530420602e-129
2.5389143759590194e-90
3.570349633136496e-106
4.427663355345576e-111
8.104048013685465e-117
1.8750985733801375e-116
1.2122453889049727e-113
6.615492611761365e-95
1.109902738951528e-92
1.5144399345307478e-103
2.495773973429389e-118
4.426518849642818e-126
1.3655347130510242e-121
5.3357273355879436e-98
1.4401844062648172e-89
1.6011243780536974e-99
2.79897180381935e-116
2.500572541183452e-91
3.442203353006086e-108
1.5232503906573915e-96
1.6696934801803792e-87
1.183044285336817e-90
4.165833319439902e-107
6.4495237641391385e-108
9.696031303374929e-121
5.358298692690538e-107
7.628561134989971e-114
9.493666629628618e-101
6.901308756787155e-126
2.534858109525164e-108
5.698603182012174e-103
7.00278711339326e-123
1.0692031552234306e-94
2.4374034711505418e-98
1.0594051871687162e-114
2.4016086288998636e-94
1.763265548372853e-86
8.708017617664142e-108
9.239504383856491e-117
7.750979057424569e-96
7.387072342488562e-125
4.0256075720811385e-111
8.602762357212255e-100
1.950391482063275e-115
1.3750393490182353e-121
3.926721284433494e-106
1.0236144754901897e-104
2.498657835430487e-127
2.3548091226602277e-119
8.009120621582369e-116
3.5313807449849575e-119
7.907195508730372e-110
4.3852099998406556e-108
7.574049488167581e-120
1.2907298313638845e-91
4.46010725135761e-98
4.6825430113213965e-105
1.2171392090264588e-108
6.229371328803678e-113
2.360061954723196e-103
9.449724994080362e-104
3.8499346991590403e-112
5.2091097453166055e-105
3.60151029768777e-92
2.7488752317647284e-113
5.259329162644296e-101
2.0052516274200887e-89
1.3063397175167558e-90
6.136636506735001e-98
8.038466461354417e-107
1.8529075660274215e-119
3.365498070667487e-125
7.42456213689113e-124
1.1623552926263119e-125
8.044585526418449e-93
1.064387281694781e-117
1.0138014858190821e-104
1.5127102041341541e-117
2.8885163931996683e-115
2.5676449951589424e-99
3.966782839245625e-87
5.564316305224403e-97
7.32884789630538e-90
1.120020018017912e-117
1.876830490635478e-91
1.1992354273045025e-118
1.212381028695009e-97
3.5529782533579284e-105
1.265811166509933e-106
4.088439312368597e-101
1.8692545946711816e-101
3.5040950551911813e-115
2.565663280691839e-112
1.1354941422409175e-111
5.750393647371825e-106
3.293811770893481e-107
6.558991209782111e-106
1.7882642735381073e-110
1.0904241472396382e-87
2.333567926156504e-111
2.805902139196919e-83
1.3414323415259722e-100
8.082357163711951e-122
1.5754648323643408e-102
3.4939804786429433e-96
3.1763294449221195e-96
1.5863569335304024e-96
8.534799914970954e-128
2.078645269432218e-102
1.2259775096762032e-95
1.2149773481440612e-103
3.777819525657875e-104
2.79109283298382e-96
6.796387843208792e-99
8.624785718245656e-105
1.480356648865542e-106
4.232042037539977e-95
2.8125740751239445e-98
1.7643338592067078e-116
1.5549932843410025e-94
2.250502945855103e-112
5.084485976923871e-110
5.099936711181686e-100
8.518999899768494e-103
3.433926834645427e-110
3.508645404407416e-99
4.867583245568491e-100
4.5850485394918124e-101
1.9681942245907832e-106
1.3237743984987628e-126
7.108948842095106e-100
1.557888444188912e-99
1.0014926324946793e-103
1.3415455207577355e-112
3.4014080144966584e-106
3.5773830529265416e-95
2.9317215782972946e-118
4.0813035409183807e-109
2.052537784415018e-102
6.716847340584192e-101
3.508645404407216e-99
1.334588811053455e-100
1.2765527820898002e-88
5.128579297614803e-118
3.529524752370344e-105
6.600648989294885e-101
9.804711683031445e-111
6.251539236370624e-110
1.3892224467757214e-94
1.1903845641714396e-110
8.151712776667105e-109
5.817537108639156e-113
7.905117615429823e-98
3.718225843927477e-119
3.2390354136905505e-101
9.103146406024017e-94
1.9315469305777246e-132
3.3210829027380357e-103
9.121325834920535e-103
1.918864749359254e-110
1.1772134046678643e-95
2.8314159294465354e-102
2.390857172876685e-102
9.43103386122806e-101
3.435260530641034e-124
7.443485254635256e-116
1.2237552914870288e-108
5.622475636655313e-112
2.8111788597362776e-106
2.3105842838119904e-91
2.3100947256461026e-105
1.8412873869742862e-110
9.34876457635114e-117
1.0298797043250457e-120
7.425558726242757e-116
6.582799248021486e-101
4.534301063404196e-111
4.1105012508129065e-88
1.0236664937855907e-116
1.1810291913824645e-108
1.1301806170650844e-104
5.553232756535789e-96
6.896223259399223e-105
2.1498564670749412e-117
6.21440746795348e-129
4.005822160017537e-102
1.0431160241612138e-100
2.661302354580988e-127
5.154015177951747e-119
1.9452178273075266e-106
8.36747374233591e-98
4.2277350140635446e-103
1.784336808852721e-118
1.1822750748654197e-124
2.0222229204656113e-115
1.9072727931453667e-114
8.798476983619956e-113
3.7187804608306293e-107
1.2428927598811566e-115
2.283080675066864e-120
6.296797476910671e-107
3.74908006553668e-87
1.0743194953445015e-97
2.4309004756222054e-93
3.881776357799902e-105
3.921752952610482e-116
6.228944762403812e-116
4.470414894392282e-105
1.082379336274869e-93
2.8717423082321974e-101
2.1151060399644745e-115
9.887920533282939e-119
3.2911682692595347e-102
5.379817999919159e-102
2.43551047195669e-115
1.2863615568713056e-101
1.2588180716085582e-116
1.3276740187798858e-96
1.2042354867398267e-113
6.055076837764086e-107
6.90167053466901e-108
2.048835006663058e-102
2.29140787267555e-106
2.4667924393236064e-104
3.0048633367057565e-87
3.754301638753513e-89
2.3960099415617367e-114
5.862977738441536e-123
3.2874652887324114e-97
1.7938461633559206e-95
3.943927092061324e-113
1.8190579345698277e-109
4.157794248845513e-114
2.7294001808798985e-115
5.535251148956326e-110
2.1824939705868072e-102
1.8877130260666488e-109
1.2237726093944228e-109
6.6153089436080536e-102
6.735060541625226e-101
1.08726061260003e-103
1.0339905774265438e-135
1.2212014970849497e-107
6.13957100402758e-110
5.489810813362445e-108
4.466511279415973e-108
5.709675156255816e-110
1.3310262165651126e-108
4.823014688767169e-115
3.6614988592396526e-98
2.3843438807087923e-123
2.1190075791218698e-108
8.081772983258815e-96
4.710590079447593e-118
1.0428929260063049e-109
9.139731202822373e-123
1.1217784264262668e-107
4.3647837404868215e-103
1.7012646954104968e-111
3.409247275004778e-89
1.7545726907419217e-103
3.7324150853589874e-117
9.456515895810238e-141
3.0286320896581496e-146
4.2807883895135525e-100
2.11214658059308e-101
1.5594965953536369e-114
1.847240298482708e-103
1.9787235221836298e-100
4.0749382001802664e-92
8.562212472074806e-112
2.8062522777887476e-107
9.200717023976419e-110
7.059245128908664e-126
7.097692474413061e-108
2.0326523206811723e-105
3.6594844595003026e-90
4.030068118729279e-89
6.043009483474678e-100
1.778965374794946e-118
7.422560300991047e-99
4.2322531116657635e-121
7.325389500195747e-104
2.8516280467824593e-108
2.2600815105746725e-124
7.127684183556447e-115
3.0619261498855876e-104
5.914385001218393e-112
5.412599725465745e-123
4.246641895940427e-102
3.4455367568232393e-105
4.742516575367111e-102
2.856686871900064e-118
8.727773969173737e-115
6.096484725857073e-119
7.273746032367137e-107
7.760270296151118e-94
2.153602964975427e-106
1.0994040434862343e-82
2.30978737965183e-111
3.413216496576851e-102
1.2787720069486654e-100
2.9399346226720504e-113
1.5881972729323205e-95
1.3396584426487093e-117
1.8910056521443823e-108
5.919936147938997e-99
8.491266039335924e-123
4.710392797448022e-117
4.7273287599436006e-114
6.873414185116632e-98
2.754026377961873e-109
7.803444060320692e-112
6.807151127383071e-102
4.625531033561775e-106
7.212679109413276e-107
1.0998408248305754e-100
1.0557680304742321e-85
4.8187949069439935e-111
1.1273314960455518e-119
4.856424301142667e-79
6.889974705223819e-100
1.2911385956188102e-103
4.7639459742018036e-111
9.583432425349568e-112
1.1998670159966625e-90
4.855685724451699e-97
5.4608001659961875e-126
6.947669028836197e-94
2.5080779071083325e-101
3.552699821867887e-103
1.0031762059789968e-104
1.2228171773524033e-105
1.5275118186260724e-105
1.1534282899031223e-92
1.3639681976007842e-102
3.429786232298505e-108
9.033367906587198e-111
4.439684261109697e-111
1.2994563906622346e-102
1.1713060026150816e-102
4.169901962336338e-99
6.666003445513384e-103
2.083118740955005e-96
1.1646392074519286e-89
6.090244708861965e-109
1.7168370129018535e-89
5.632966725267313e-113
6.265136560877903e-113
7.189614672717739e-109
1.8739073835779243e-90
1.5948962226859505e-95
9.790423209986828e-97
1.9771981581235368e-108
5.6118552750627525e-106
3.680535761023292e-99
1.3922017737766695e-98
2.1778266846558312e-103
5.932510193937134e-115
1.9524795567334195e-109
4.403634865931176e-112
6.297281759863881e-94
3.3966098298341096e-96
2.409124810767067e-91
4.8810746269863096e-116
1.148376565614167e-112
2.2633554690785115e-107
1.5833175600641035e-104
1.7670754525315117e-106
4.418168360992635e-97
2.958813133524209e-106
1.6175790040925047e-129
3.921412256827544e-113
